8.999999999999999112e-01 3.660254037836220553e-02 3.660254037836220553e-02 4.848274696636541425e-01
8.999999999999999112e-01 9.633974596216157149e-01 3.660254037832411794e-02 4.852775221235763325e-01
8.999999999999999112e-01 9.633974596215489905e-01 9.633974596215695296e-01 2.661412105164336905e-01
8.999999999999999112e-01 3.660254037854770992e-02 9.633974596214728292e-01 2.674130583579951148e-01
8.999999999999999112e-01 1.252118684637894830e-01 4.233860225267714605e-02 4.835218483942868017e-01
8.999999999999999112e-01 8.660254037826953244e-02 3.660254037836220553e-02 4.841031570904300030e-01
8.999999999999999112e-01 1.752118684636611023e-01 4.233860225267714605e-02 4.849813270000791210e-01
8.999999999999999112e-01 2.248295083705298958e-01 4.302200509270340950e-02 4.800425853492131800e-01
8.999999999999999112e-01 3.237651817614448646e-01 4.258834754714403703e-02 4.760743798586517528e-01
8.999999999999999112e-01 2.748295083703841679e-01 4.302200509270340950e-02 4.863273790866508017e-01
8.999999999999999112e-01 3.737651817612991367e-01 4.258834754714403703e-02 4.913401878839505077e-01
8.999999999999999112e-01 4.235593787215569117e-01 4.083492358428948699e-02 4.740347094425882424e-01
8.999999999999999112e-01 5.249999999987574606e-01 4.330127018921585413e-02 4.694876772308124724e-01
8.999999999999999112e-01 4.735593787214166239e-01 4.083492358428948699e-02 4.920076988602242740e-01
8.999999999999999112e-01 5.749999999988837374e-01 4.330127018921585413e-02 4.955147165878625581e-01
8.999999999999999112e-01 6.249999999990398791e-01 4.330127018932018734e-02 4.682622778201713243e-01
8.999999999999999112e-01 7.229894016154094771e-01 3.979612844832430829e-02 4.676863253834828149e-01
8.999999999999999112e-01 6.749999999991715960e-01 4.330127018932018734e-02 4.957550569804735630e-01
8.999999999999999112e-01 7.729894016155410830e-01 3.979612844832430829e-02 4.965588388341716231e-01
8.999999999999999112e-01 8.220466949300746506e-01 4.692717198851338589e-02 4.668247545078039185e-01
8.999999999999999112e-01 8.720466949302063675e-01 4.692717198851338589e-02 4.917544556195537209e-01
8.999999999999999112e-01 9.133974596214841091e-01 3.660254037832411794e-02 4.768668038401604470e-01
8.999999999999999112e-01 9.585251297926462577e-01 1.252966158494188409e-01 4.397402897299660385e-01
8.999999999999999112e-01 9.633974596216157149e-01 8.660254037823145179e-02 4.612332172691920307e-01
8.999999999999999112e-01 9.585251297926462577e-01 1.752966158492904603e-01 4.028236801359303954e-01
8.999999999999999112e-01 9.566234908725813613e-01 2.254455701257723210e-01 3.770604192640521490e-01
8.999999999999999112e-01 9.566987298109043136e-01 3.249999999991934896e-01 3.490058453491169388e-01
8.999999999999999112e-01 9.566234908725813613e-01 2.754455701256265931e-01 3.556886677873950520e-01
8.999999999999999112e-01 9.566987298109043136e-01 3.749999999990477617e-01 3.431042944650445348e-01
8.999999999999999112e-01 9.578870485071248053e-01 4.247366908846622602e-01 3.441096578915873172e-01
8.999999999999999112e-01 9.576108593388834578e-01 5.234201453130905568e-01 3.492981321036570108e-01
8.999999999999999112e-01 9.578870485071248053e-01 4.747366908845219724e-01 3.470155703062736130e-01
8.999999999999999112e-01 9.576108593388834578e-01 5.734201453132168336e-01 3.581927622385265853e-01
8.999999999999999112e-01 9.497091977996863221e-01 6.264491944641302767e-01 3.623660452960526523e-01
8.999999999999999112e-01 9.551851937521852465e-01 7.293362827349898492e-01 3.644848087198355735e-01
8.999999999999999112e-01 9.497091977996863221e-01 6.764491944642618826e-01 3.666150305016379618e-01
8.999999999999999112e-01 9.551851937521852465e-01 7.793362827351215660e-01 3.544784608454012997e-01
8.999999999999999112e-01 9.583768533864982508e-01 8.254359269780773278e-01 3.398400273507437008e-01
8.999999999999999112e-01 9.583768533864982508e-01 8.754359269782090447e-01 3.116806757202469358e-01
8.999999999999999112e-01 9.633974596215489905e-01 9.133974596214378128e-01 2.852433019925420532e-01
8.999999999999999112e-01 8.747881315356682563e-01 9.576613977474145445e-01 2.662524212713510696e-01
8.999999999999999112e-01 9.133974596213407793e-01 9.633974596215695296e-01 2.629069595373100254e-01
8.999999999999999112e-01 8.247881315358763787e-01 9.576613977474145445e-01 2.684558486759232032e-01
8.999999999999999112e-01 7.749646885895098425e-01 9.568591744671604005e-01 2.734868726601559774e-01
8.999999999999999112e-01 6.750000000008542500e-01 9.566987298110374294e-01 2.716133440366569340e-01
8.999999999999999112e-01 7.249646885898566318e-01 9.568591744671604005e-01 2.637458997219326862e-01
8.999999999999999112e-01 6.250000000012010393e-01 9.566987298110374294e-01 2.660347029592796675e-01
8.999999999999999112e-01 5.750003153185168081e-01 9.566989118593270947e-01 2.754332148930198065e-01
8.999999999999999112e-01 4.750000000018709256e-01 9.566987298108232673e-01 2.679438915224673368e-01
8.999999999999999112e-01 5.250003153188527172e-01 9.566989118593270947e-01 2.644666671514155354e-01
8.999999999999999112e-01 4.250000000016737611e-01 9.566987298108232673e-01 2.713674352287044345e-01
8.999999999999999112e-01 3.750681084818036637e-01 9.567380522600502646e-01 2.679882020511118457e-01
8.999999999999999112e-01 2.754086508819716395e-01 9.569346645065124335e-01 2.615047177310705351e-01
8.999999999999999112e-01 3.250681084815956190e-01 9.567380522600502646e-01 2.706273640536496217e-01
8.999999999999999112e-01 2.254086508817635393e-01 9.569346645065124335e-01 2.736407709166729374e-01
8.999999999999999112e-01 1.765339390525455521e-01 9.589362312411962019e-01 2.625743581189919906e-01
8.999999999999999112e-01 1.265339390523374519e-01 9.589362312411962019e-01 2.685756702973119969e-01
8.999999999999999112e-01 8.660254037875571298e-02 9.633974596214728292e-01 2.611598226840634585e-01
8.999999999999999112e-01 4.180966977113141636e-02 1.238882226407513887e-01 4.427125978287668184e-01
8.999999999999999112e-01 3.660254037836220553e-02 8.660254037826953244e-02 4.655277874999241838e-01
8.999999999999999112e-01 4.330127018909571412e-02 2.249999999994850008e-01 3.847074672102273052e-01
8.999999999999999112e-01 4.180966977113141636e-02 1.738882226406229803e-01 4.112614142580078846e-01
8.999999999999999112e-01 4.330127018909571412e-02 2.749999999993392730e-01 3.653300904181981945e-01
8.999999999999999112e-01 3.987657589711841866e-02 3.246757559849788866e-01 3.571159222018577273e-01
8.999999999999999112e-01 4.618396370592584704e-02 4.302871403673809159e-01 3.585270458422870066e-01
8.999999999999999112e-01 3.987657589711841866e-02 3.746757559848331032e-01 3.577471042812825353e-01
8.999999999999999112e-01 4.618396370592584704e-02 4.802871403672406281e-01 3.608974163620399800e-01
8.999999999999999112e-01 3.262813176616654459e-02 5.249999999987573496e-01 3.664887608080420467e-01
8.999999999999999112e-01 4.442715103644682972e-02 6.254600999497561542e-01 3.677296890547673280e-01
8.999999999999999112e-01 3.262813176616654459e-02 5.749999999988836263e-01 3.694873640611027188e-01
8.999999999999999112e-01 4.442715103644682972e-02 6.754600999498877600e-01 3.655657517059205386e-01
8.999999999999999112e-01 3.289179378763284339e-02 7.234897786235273687e-01 3.616548681831898149e-01
8.999999999999999112e-01 4.528486237244019191e-02 8.204087190465501056e-01 3.261911558286667012e-01
8.999999999999999112e-01 3.289179378763284339e-02 7.734897786236589745e-01 3.464687847517968766e-01
8.999999999999999112e-01 4.528486237244019191e-02 8.704087190466818225e-01 3.076337020171825420e-01
8.999999999999999112e-01 3.660254037854770992e-02 9.133974596213412234e-01 2.815147086207434590e-01
8.999999999999999112e-01 4.000681084818130118e-01 9.134367820708735319e-01 2.861818878453089576e-01
8.999999999999999112e-01 4.250113514151965255e-01 8.701027431740419038e-01 3.149197263791341239e-01
8.999999999999999112e-01 4.750018919039155074e-01 8.700972817229124523e-01 3.099664302722773268e-01
8.999999999999999112e-01 5.000003153186649563e-01 9.133976416701503620e-01 2.903073318311122364e-01
8.999999999999999112e-01 5.999999999989767963e-01 8.660254037853604148e-02 4.590166520838376840e-01
8.999999999999999112e-01 4.985593787214797068e-01 8.413619377350534112e-02 4.633902483086200785e-01
8.999999999999999112e-01 5.749999999988287813e-01 1.200961894323129553e-01 4.175746863125288089e-01
8.999999999999999112e-01 5.244603350131489261e-01 1.212435565369871515e-01 4.405232011058520247e-01
8.999999999999999112e-01 9.073200571385698909e-01 5.998693397784002901e-01 3.236313559317952615e-01
8.999999999999999112e-01 9.154979078460083741e-01 4.981568361989182070e-01 3.228554580110998828e-01
8.999999999999999112e-01 8.660086652759528825e-01 5.184110120502878338e-01 3.540707730978523426e-01
8.999999999999999112e-01 8.759156799338241317e-01 5.647642028295332128e-01 3.548547591585688998e-01
8.999999999999999112e-01 1.199371991262569992e-01 5.101317187313249013e-01 3.577037244832463880e-01
8.999999999999999112e-01 1.464902389342515598e-01 4.672289009882387711e-01 3.597171876149257153e-01
8.999999999999999112e-01 1.276630546942187083e-01 4.204814641349921001e-01 3.683156659973660929e-01
8.999999999999999112e-01 8.606053960304427264e-02 4.049628963532391213e-01 3.552168344770638697e-01
8.999999999999999112e-01 7.881209547209239163e-02 5.052871403673035999e-01 3.768032269335025441e-01
8.999999999999999112e-01 1.191741065657240251e-01 6.970401740734568641e-01 3.661619589299349720e-01
8.999999999999999112e-01 1.427986469358879795e-01 6.522032805572047787e-01 3.643798498238382533e-01
8.999999999999999112e-01 1.181803864567779749e-01 6.053046783137141507e-01 3.694019394658711319e-01
8.999999999999999112e-01 7.731894482407966618e-02 6.989498785742050968e-01 3.562602214037190462e-01
8.999999999999999112e-01 7.705528280261336738e-02 6.004600999496929603e-01 3.734939518176962903e-01
8.999999999999999112e-01 6.000003153183310900e-01 9.133976416703645240e-01 2.864594840734360215e-01
8.999999999999999112e-01 6.250004817355159226e-01 8.700964675624870415e-01 3.206645623396261469e-01
8.999999999999999112e-01 6.999646885900174809e-01 9.135579042781978298e-01 2.904075880943620680e-01
8.999999999999999112e-01 6.747204549069285573e-01 8.699774471744666782e-01 3.048904551038901234e-01
8.999999999999999112e-01 8.621892569405321671e-01 3.273768049072564024e-01 3.464096288961129866e-01
8.999999999999999112e-01 9.145857783180291189e-01 3.997366908847351796e-01 7.998316052256161379e-01
8.999999999999999112e-01 9.133222206834856749e-01 3.004455701255537292e-01 2.438685589557091915e-01
8.999999999999999112e-01 8.770451767248732544e-01 3.746394995986461751e-01 3.475089515839963061e-01
8.999999999999999112e-01 3.973245604838810952e-01 8.342327113143352402e-02 4.624736091224656565e-01
8.999999999999999112e-01 2.985946901325626235e-01 8.561035263984745347e-02 4.642494998725803512e-01
8.999999999999999112e-01 3.222380602284338202e-01 1.255201994038424029e-01 4.409861288865802864e-01
8.999999999999999112e-01 3.729187402892853997e-01 1.222580345900767806e-01 4.335397198014679931e-01
8.999999999999999112e-01 9.048943915518716796e-01 7.057854772000418109e-01 3.908459495664268202e-01
8.999999999999999112e-01 8.627055661221263438e-01 7.884875019309449673e-01 3.489416981755494307e-01
8.999999999999999112e-01 9.135620471386834973e-01 8.047722097137255393e-01 3.262634311127082798e-01
8.999999999999999112e-01 8.714832884683620939e-01 7.444084248104809731e-01 3.577634482321503384e-01
8.999999999999999112e-01 3.004767593623188793e-01 9.136727167665628091e-01 2.895455619424851523e-01
8.999999999999999112e-01 2.754900026780905953e-01 8.703790926090289037e-01 3.105505491377398286e-01
8.999999999999999112e-01 2.251131126042659192e-01 8.717837525907359275e-01 3.065546285797194903e-01
8.999999999999999112e-01 2.019425899334769126e-01 9.158708957477087464e-01 2.833997643618075268e-01
8.999999999999999112e-01 1.390436097845441643e-01 2.143881932143386626e-01 3.864817206946682959e-01
8.999999999999999112e-01 8.511093996022713049e-02 1.988882226405501163e-01 4.396318834534077569e-01
8.999999999999999112e-01 1.381194720713583290e-01 2.720448410332060862e-01 3.686678321095950839e-01
8.999999999999999112e-01 8.317784608621413278e-02 2.996757559850516950e-01 5.091981886127452395e-01
8.999999999999999112e-01 6.979894016153709302e-01 8.309739863764449563e-02 4.643201703887861465e-01
8.999999999999999112e-01 7.950360965461422680e-01 8.672330043683769418e-02 4.598204243924349233e-01
8.999999999999999112e-01 7.229894016154125858e-01 1.165910476916346139e-01 4.549691581613429792e-01
8.999999999999999112e-01 7.606793062967693864e-01 1.146560482450676016e-01 4.212626062862991905e-01
8.999999999999999112e-01 7.997528201253863989e-01 9.145205722145750560e-01 2.878937479519703135e-01
8.999999999999999112e-01 8.323085039058175649e-01 8.668126169429746231e-01 3.215431562632170559e-01
8.999999999999999112e-01 8.831649849223747184e-01 8.830973247257551950e-01 3.096245069734001598e-01
8.999999999999999112e-01 8.881855911574254581e-01 9.210588573689839631e-01 2.854331478518941090e-01
8.999999999999999112e-01 9.151486206652276190e-01 2.007421859755048887e-01 9.990630930238908469e-01
8.999999999999999112e-01 8.805718247229841200e-01 1.222237878380248860e-01 4.355496022506133436e-01
8.999999999999999112e-01 8.775516882949561115e-01 1.752966158492919591e-01 4.082951233782728950e-01
8.999999999999999112e-01 9.219225894142619726e-01 1.118991562278356111e-01 5.672635797888094800e-01
8.999999999999999112e-01 1.449893240953586404e-01 8.352578071310369223e-01 3.269965196312173972e-01
8.999999999999999112e-01 1.200318179017173803e-01 7.919887931699876038e-01 3.443179431174669958e-01
8.999999999999999112e-01 1.218188014245696338e-01 8.793449502880097413e-01 3.011749514624568747e-01
8.999999999999999112e-01 7.817665616007303531e-02 7.938984976707357255e-01 3.523450823011591293e-01
8.999999999999999112e-01 8.188740275098790877e-02 8.838061786682862575e-01 3.294733046579358948e-01
8.999999999999999112e-01 2.000413768346331056e-01 8.536060734538056249e-02 4.616064777829325116e-01
8.999999999999999112e-01 1.709542080593305924e-01 1.317267954673097541e-01 4.383059574690678639e-01
8.999999999999999112e-01 1.170215382350135724e-01 1.162268248935211939e-01 4.424900782231615537e-01
8.999999999999999112e-01 1.118144088422443616e-01 7.894114263103935158e-02 4.682883439072939580e-01
8.999999999999999112e-01 3.750794598953264281e-01 8.701420656232689010e-01 3.167477644046962637e-01
8.999999999999999112e-01 3.251494602777146303e-01 8.701824803625667348e-01 3.057820548557369511e-01
8.999999999999999112e-01 4.500132433174289237e-01 8.268025652753077104e-01 3.363993745994336981e-01
8.999999999999999112e-01 4.250135586346443506e-01 7.835014771345896190e-01 3.481317819290669080e-01
8.999999999999999112e-01 3.500927032110980885e-01 8.268484414657351067e-01 3.327956578607010885e-01
8.999999999999999112e-01 3.749933895513882787e-01 7.837954946479003260e-01 3.535034932393446017e-01
8.999999999999999112e-01 4.750040991233633880e-01 7.834960156834600564e-01 3.535301919337199283e-01
8.999999999999999112e-01 5.250025750908182687e-01 7.834951357831078100e-01 3.477255672120487806e-01
8.999999999999999112e-01 5.250022072208974100e-01 8.700974637714162796e-01 3.169393985940905933e-01
8.999999999999999112e-01 5.500023736380823536e-01 8.267962896635387970e-01 3.353620268639885271e-01
8.999999999999999112e-01 5.000028904080335845e-01 7.401940476423896076e-01 3.611648192547661784e-01
8.999999999999999112e-01 4.750026889556553389e-01 6.968926611446117914e-01 3.620520058956986365e-01
8.999999999999999112e-01 4.248352233547023071e-01 6.970786688042093227e-01 3.686819553927799253e-01
8.999999999999999112e-01 3.999842453573227985e-01 7.404889450560526720e-01 3.606017630548055131e-01
8.999999999999999112e-01 5.250011649231101085e-01 6.968917812442594339e-01 3.679632943074314100e-01
8.999999999999999112e-01 5.750011649227526611e-01 7.834943216224683482e-01 3.547904267075139284e-01
8.999999999999999112e-01 5.750108013222712255e-01 6.969427593582180336e-01 3.625858581030286798e-01
8.999999999999999112e-01 5.997865371981079274e-01 7.401130611353277100e-01 3.601853736357589764e-01
8.999999999999999112e-01 4.498334978697788311e-01 6.537764024060791490e-01 3.662246137855924566e-01
8.999999999999999112e-01 4.746449948431609167e-01 6.105018157299978432e-01 3.675661684909089510e-01
8.999999999999999112e-01 5.249413142098566798e-01 6.103243876666204493e-01 3.614552961079331439e-01
8.999999999999999112e-01 5.500105998698929799e-01 6.536413728604401063e-01 3.663324921671237688e-01
8.999999999999999112e-01 4.244775292422079405e-01 6.106878233895953745e-01 3.606349848749692000e-01
8.999999999999999112e-01 3.742696339080599510e-01 6.106091319821493890e-01 3.683459351656129810e-01
8.999999999999999112e-01 3.748150542714462352e-01 6.973726863175200297e-01 3.616265395161675222e-01
8.999999999999999112e-01 3.491092317961406177e-01 6.537565378390848281e-01 3.659130960872406524e-01
8.999999999999999112e-01 4.995853455822857336e-01 5.672358086501366747e-01 3.623333923750632346e-01
8.999999999999999112e-01 4.745754040390012252e-01 5.239404156458677964e-01 3.560716650921745829e-01
8.999999999999999112e-01 4.242460105772764001e-01 5.241232704922124119e-01 3.628263448951571379e-01
8.999999999999999112e-01 3.990811308814420366e-01 5.673345453060680832e-01 3.623950738651201542e-01
8.999999999999999112e-01 5.248717234056969883e-01 5.237629875824904024e-01 3.625258579233178180e-01
8.999999999999999112e-01 5.749194530427561567e-01 5.237343957695042018e-01 3.552718234149008780e-01
8.999999999999999112e-01 5.999274079820960948e-01 5.670309006564533405e-01 3.628142421981240817e-01
8.999999999999999112e-01 5.749509506090177968e-01 6.103753657805789379e-01 3.678639872512848852e-01
8.999999999999999112e-01 5.499095114994715372e-01 4.804390027652353234e-01 3.561782872178519965e-01
8.999999999999999112e-01 4.495323884006875992e-01 4.806504494245661951e-01 3.576554283815563950e-01
8.999999999999999112e-01 4.748529556656004846e-01 4.371691879145356285e-01 3.570431061134427542e-01
8.999999999999999112e-01 5.249634200239597925e-01 4.372358650845222794e-01 3.535832304028578843e-01
8.999999999999999112e-01 6.249651960758706437e-01 5.237069158391981505e-01 3.602621666473884154e-01
8.999999999999999112e-01 6.522057298516237278e-01 4.820356691840174679e-01 3.555016103969058094e-01
8.999999999999999112e-01 6.253462422109320462e-01 4.373714660616080385e-01 3.512172510524684821e-01
8.999999999999999112e-01 5.750111496610188500e-01 4.372072732715359678e-01 3.544631023084902077e-01
8.999999999999999112e-01 4.245235622038756595e-01 4.373520427608802441e-01 3.554439722331685925e-01
8.999999999999999112e-01 3.750022047254655266e-01 4.376297137048060781e-01 3.616836035399596527e-01
8.999999999999999112e-01 3.490723536261759463e-01 4.808076412561916868e-01 3.581273758166058085e-01
8.999999999999999112e-01 3.740381152431284661e-01 5.240445790847665375e-01 3.556406929494002056e-01
8.999999999999999112e-01 4.003227719903783566e-01 3.941484521947754560e-01 3.590171313450519763e-01
8.999999999999999112e-01 4.249758600671839082e-01 3.522334020910720676e-01 3.569852568800243597e-01
8.999999999999999112e-01 4.749180414131592420e-01 3.508173049341224425e-01 3.614374381630488520e-01
8.999999999999999112e-01 4.999545938271477974e-01 3.939374584208362728e-01 3.560485925061186441e-01
8.999999999999999112e-01 3.248715634126787544e-01 4.376040506900869542e-01 3.575657919711382471e-01
8.999999999999999112e-01 3.754545025887738308e-01 3.525110730349979016e-01 3.644399226182182261e-01
8.999999999999999112e-01 3.254007072576922122e-01 3.508029000566403877e-01 3.611610967737601818e-01
8.999999999999999112e-01 3.006465625081954363e-01 3.914421973357374851e-01 3.628705773368664511e-01
8.999999999999999112e-01 6.772136847909636659e-01 5.253321740709666621e-01 3.522293894438568995e-01
8.999999999999999112e-01 7.007928154062089687e-01 5.685668721828766037e-01 3.645225637750308945e-01
8.999999999999999112e-01 6.751187114090079211e-01 6.105598919526049606e-01 3.680292959648108209e-01
8.999999999999999112e-01 6.249966936421323949e-01 6.103478858502728865e-01 3.624915720720757739e-01
8.999999999999999112e-01 6.775947309260250684e-01 4.389967242933764391e-01 3.497515557861370361e-01
8.999999999999999112e-01 7.280333491819619418e-01 5.268956255276959766e-01 3.578858041102614407e-01
8.999999999999999112e-01 7.289950147535242397e-01 4.411931972525324208e-01 3.496188167530617230e-01
8.999999999999999112e-01 7.606249152204276331e-01 4.868213304444373724e-01 3.532684102942210136e-01
8.999999999999999112e-01 7.021355271128325581e-01 3.965289941301229915e-01 3.493268759263866707e-01
8.999999999999999112e-01 6.753676216437274338e-01 3.507560990732020434e-01 3.578087958954323522e-01
8.999999999999999112e-01 6.004001507354201905e-01 3.941683283808949945e-01 3.527381947203585000e-01
8.999999999999999112e-01 6.254211696488958250e-01 3.512137370525610924e-01 3.497834421442492792e-01
8.999999999999999112e-01 2.725406799281600567e-01 5.227702504085662838e-01 3.570282292474697972e-01
8.999999999999999112e-01 2.497771313850202790e-01 4.773327497410816411e-01 3.583657242174459467e-01
8.999999999999999112e-01 3.239074739303416384e-01 5.240189160700474691e-01 3.635176840144055954e-01
8.999999999999999112e-01 2.747167114089058559e-01 4.346201248871230938e-01 3.639369763236256494e-01
8.999999999999999112e-01 3.500537953344977637e-01 3.088878499529369992e-01 3.700131666238818395e-01
8.999999999999999112e-01 4.500497720115547162e-01 3.091799257743448326e-01 3.666521074270197023e-01
8.999999999999999112e-01 4.241777075459780000e-01 2.699947201661486718e-01 3.711597834832958132e-01
8.999999999999999112e-01 3.750847414259059764e-01 2.748296345543497221e-01 3.556552808092037776e-01
8.999999999999999112e-01 2.448182018839706875e-01 3.006346795207898159e-01 3.719837177673267492e-01
8.999999999999999112e-01 2.752458552539194248e-01 3.478189742536765827e-01 3.684687548456080375e-01
8.999999999999999112e-01 3.250309460948244134e-01 2.731214615759922082e-01 3.635527312977876457e-01
8.999999999999999112e-01 2.789091504988190362e-01 2.736860279206894120e-01 3.472840715599535555e-01
8.999999999999999112e-01 4.741198888919533339e-01 2.685786230091989912e-01 3.605250063149261219e-01
8.999999999999999112e-01 5.249211372996365199e-01 2.662381236352887592e-01 3.768140287730835092e-01
8.999999999999999112e-01 5.250285057715184944e-01 3.508839821041090934e-01 3.532038956056424706e-01
8.999999999999999112e-01 5.500495246849941289e-01 3.079293907757751914e-01 3.632339232339377721e-01
8.999999999999999112e-01 4.990490728340597482e-01 2.270529180270925429e-01 3.865755512228017388e-01
8.999999999999999112e-01 4.232774707406620207e-01 1.943663957434341449e-01 3.863069513866500548e-01
8.999999999999999112e-01 4.735842472269269354e-01 1.926389950482726987e-01 3.927638713953583993e-01
8.999999999999999112e-01 3.991548583063045941e-01 2.342283317892038530e-01 3.812573780795469047e-01
8.999999999999999112e-01 7.259383758000061970e-01 6.121233434093342751e-01 3.609957843392080923e-01
8.999999999999999112e-01 7.758062398990637210e-01 6.118600810640044685e-01 3.701080294567098417e-01
8.999999999999999112e-01 7.842040458356729360e-01 5.300560285563473695e-01 3.534875699492064927e-01
8.999999999999999112e-01 7.941110604935441852e-01 5.764092193355927485e-01 3.638615585590978529e-01
8.999999999999999112e-01 7.501321359018626733e-01 6.538531008337327144e-01 3.678731992475960944e-01
8.999999999999999112e-01 7.237038410045563142e-01 6.963609068539131641e-01 3.666684248564694437e-01
8.999999999999999112e-01 6.501422540359296232e-01 6.539043570767305580e-01 3.667973440106507832e-01
8.999999999999999112e-01 6.749179899117663251e-01 6.970746588538402344e-01 3.616599819598711463e-01
8.999999999999999112e-01 7.267679054712266051e-01 3.529525720323579696e-01 3.459646179166647739e-01
8.999999999999999112e-01 7.822584325997936627e-01 3.517395384523355206e-01 3.546096448511814048e-01
8.999999999999999112e-01 7.851657114072352339e-01 4.443536002811838692e-01 3.458137679085423466e-01
8.999999999999999112e-01 7.971143523841348610e-01 3.990022331437252934e-01 3.468572620532789363e-01
8.999999999999999112e-01 7.554905271306885384e-01 3.059666433954145726e-01 3.558766668907624720e-01
8.999999999999999112e-01 7.243868683578255085e-01 2.643712177915064077e-01 3.761083467053589202e-01
8.999999999999999112e-01 6.500535480072898720e-01 3.076373149547960706e-01 3.589898703479869058e-01
8.999999999999999112e-01 6.749724757492472360e-01 2.648603471357974803e-01 3.559548128301811554e-01
8.999999999999999112e-01 7.735717051036137271e-01 6.960976445085833575e-01 3.576329662739940463e-01
8.999999999999999112e-01 8.497091978001464208e-01 6.532441137088582650e-01 3.649942692521904175e-01
8.999999999999999112e-01 8.162980947166369461e-01 6.918670613192976493e-01 3.764227532421606792e-01
8.999999999999999112e-01 8.183048205954006615e-01 6.181389767599911877e-01 3.568250784818445820e-01
8.999999999999999112e-01 6.983575591135174898e-01 7.393192025286909885e-01 3.578736275536588685e-01
8.999999999999999112e-01 7.232921600095746362e-01 7.825814426278112634e-01 3.371367397636786944e-01
8.999999999999999112e-01 7.810920774730947258e-01 7.784539444599419822e-01 3.526311646843882652e-01
8.999999999999999112e-01 7.898697998193306979e-01 7.343748673394780990e-01 3.554573319677956644e-01
8.999999999999999112e-01 5.749787086271006542e-01 2.664036857936686875e-01 3.601524011894911559e-01
8.999999999999999112e-01 5.998976363690580182e-01 2.236267179746700973e-01 3.866011452372620227e-01
8.999999999999999112e-01 5.749251606202899767e-01 1.891511285696882427e-01 3.980074370670370065e-01
8.999999999999999112e-01 5.243854956346101215e-01 1.902984956743624667e-01 3.762112468843424873e-01
8.999999999999999112e-01 7.798773954863926772e-01 2.631581842114839587e-01 3.544603432480987193e-01
8.999999999999999112e-01 8.621140180022092148e-01 2.778223750336894504e-01 3.614453337463162108e-01
8.999999999999999112e-01 8.245170856319377073e-01 2.523768049074764930e-01 4.009160768642278105e-01
8.999999999999999112e-01 8.258369740435967943e-01 3.520163045067818963e-01 3.376383758364772669e-01
8.999999999999999112e-01 6.993593441049513748e-01 2.220518879518668665e-01 3.838270428669640633e-01
8.999999999999999112e-01 7.934134268590746775e-01 2.107813793035683281e-01 3.841241778875803536e-01
8.999999999999999112e-01 7.243868683563730038e-01 1.875762985470982025e-01 3.766176803311464538e-01
8.999999999999999112e-01 7.620767730377298044e-01 1.856412991005311763e-01 4.302781315324866185e-01
8.999999999999999112e-01 2.497858135196616147e-01 8.282935161867399643e-01 3.296006249249924247e-01
8.999999999999999112e-01 2.750456540511099779e-01 7.839733697784126987e-01 3.490758718959607876e-01
8.999999999999999112e-01 3.250633899337764809e-01 7.838359093871981598e-01 3.494318069450180197e-01
8.999999999999999112e-01 2.246687639772853018e-01 7.853780297601197224e-01 3.485341801574423082e-01
8.999999999999999112e-01 1.744514172521956508e-01 7.864291622073976695e-01 3.450279595992156167e-01
8.999999999999999112e-01 1.762384007750479042e-01 8.737853193254196960e-01 3.073098559629075521e-01
8.999999999999999112e-01 1.997112577836440417e-01 7.421090157990704039e-01 3.572314311321049818e-01
8.999999999999999112e-01 2.233357981538079962e-01 6.972721222828182075e-01 3.661356076545642657e-01
8.999999999999999112e-01 2.999463403914002235e-01 7.409204229605779179e-01 3.598528670709673083e-01
8.999999999999999112e-01 2.742405179160946060e-01 6.973042744821427164e-01 3.610465802253988166e-01
8.999999999999999112e-01 1.731184514287183451e-01 6.983232547300961546e-01 3.618178626209556104e-01
8.999999999999999112e-01 1.076387493169100318e-01 7.450698527470964727e-01 3.542731975375811304e-01
8.999999999999999112e-01 1.721247313197722950e-01 6.065877589703534412e-01 3.686778253647912118e-01
8.999999999999999112e-01 2.214413196709066056e-01 6.091224418947520647e-01 3.633987259756620292e-01
8.999999999999999112e-01 2.476477115611688817e-01 6.535185134131685780e-01 3.647861103638168068e-01
8.999999999999999112e-01 1.968230591917966010e-01 5.622238396512615477e-01 3.622989759422705625e-01
8.999999999999999112e-01 1.740595106486568511e-01 5.167863389837767940e-01 3.641535854896418845e-01
8.999999999999999112e-01 1.063813671864976829e-01 5.548445783628417338e-01 3.642050334868654482e-01
8.999999999999999112e-01 2.233760989997911617e-01 5.193210219081753065e-01 3.619362392018531938e-01
8.999999999999999112e-01 2.975064415451125210e-01 5.660071882371411345e-01 3.628545811486124650e-01
8.999999999999999112e-01 2.723460394331931878e-01 6.091545940940765735e-01 3.678452525492384995e-01
8.999999999999999112e-01 1.817853662166185602e-01 4.271360843874439928e-01 3.636067938696511126e-01
8.999999999999999112e-01 2.255521304805370164e-01 4.311708963867321165e-01 3.678032434365178793e-01
8.999999999999999112e-01 1.762972928705554554e-01 3.372391648005986786e-01 3.420161685338916069e-01
8.999999999999999112e-01 2.067249462405041371e-01 3.844234595334854454e-01 3.664650657886484586e-01
8.999999999999999112e-01 1.213556668854112730e-01 3.648700797524443429e-01 3.579864289836629521e-01
8.999999999999999112e-01 3.237128334353748249e-01 6.104032597555576478e-01 3.595354117163167551e-01
8.999999999999999112e-01 8.660072925158632806e-01 6.915213365397530065e-01 3.604963503698478400e-01
8.999999999999999112e-01 8.680140183946269961e-01 6.177932519804466560e-01 3.679693639109217207e-01
8.999999999999999112e-01 6.749999999991747046e-01 1.200961894326304930e-01 4.149294141000930414e-01
8.999999999999999112e-01 6.249999999989850341e-01 1.200961894324172885e-01 4.525403738177734558e-01
8.999999999999999112e-01 5.750007970528318024e-01 8.700966496107767068e-01 3.120067358930417312e-01
8.999999999999999112e-01 6.247863357453721234e-01 7.834142150157585860e-01 3.458946460358185426e-01
8.999999999999999112e-01 6.497209366414292697e-01 8.266764551148788609e-01 3.349874360872274193e-01
8.999999999999999112e-01 8.662848544441941190e-01 4.697275576217192494e-01 3.487772219628548775e-01
8.999999999999999112e-01 8.782334954210937461e-01 4.243761904842606736e-01 3.462842686848023321e-01
8.999999999999999112e-01 8.287442528510382544e-01 4.446303663356302449e-01 3.562614233913401485e-01
8.999999999999999112e-01 8.267026265320098766e-01 5.363349242523341998e-01 3.445733869291624507e-01
8.999999999999999112e-01 4.227129372495431747e-01 1.205046106272222306e-01 4.453249434444383481e-01
8.999999999999999112e-01 4.730197137358080894e-01 1.187772099320607844e-01 4.231142614763194754e-01
8.999999999999999112e-01 2.205718479661993858e-01 1.324101983073359967e-01 4.373718639542400477e-01
8.999999999999999112e-01 2.733023868373731236e-01 1.259538569494017546e-01 4.303975992835760711e-01
8.999999999999999112e-01 2.442152180620706103e-01 1.723200450713309462e-01 4.090420691800434883e-01
8.999999999999999112e-01 1.375520093665798527e-01 1.632764158554766420e-01 4.163406835783922122e-01
8.999999999999999112e-01 1.905605414777110651e-01 2.364330342481326397e-01 4.790021472456526541e-01
8.999999999999999112e-01 2.246514900925594138e-01 2.094843826480322913e-01 3.838382128526547921e-01
8.999999999999999112e-01 3.476264369940958998e-01 1.626015388996310818e-01 4.141127828235064978e-01
8.999999999999999112e-01 3.235038245597384732e-01 2.024634749454007898e-01 3.851622574559504519e-01
8.999999999999999112e-01 2.773820289637330960e-01 2.030280412900980491e-01 3.946055836088387947e-01
8.999999999999999112e-01 8.756500493748913261e-01 2.254455701257738198e-01 3.695223223354818787e-01
8.999999999999999112e-01 6.247959721448907988e-01 6.968626527515082714e-01 3.670601837534990253e-01
8.999999999999999112e-01 7.246851434959308280e-01 8.701378918305897603e-01 3.171299808959557875e-01
8.999999999999999112e-01 7.824850609594509177e-01 8.660103936627204790e-01 3.125955700597434772e-01
8.999999999999999112e-01 5.750860770989827397e-01 3.510495442624890217e-01 3.589611322189717457e-01
8.999999999999999112e-01 6.250260237544157382e-01 2.653179851151565294e-01 3.792138853172682955e-01
8.999999999999999112e-01 6.745063089167846471e-01 7.832951946277382227e-01 3.556725861235502384e-01
8.999999999999999112e-01 6.749724757477947312e-01 1.880654278913892474e-01 4.053117927339336402e-01
8.999999999999999112e-01 6.249724757476050607e-01 1.880654278911760569e-01 3.683730259611822655e-01
8.999999999999999112e-01 7.572408272763619941e-01 8.224299365589893274e-01 3.382963369118938690e-01
8.999999999999999112e-01 8.658972257564392372e-01 8.345871461739007291e-01 3.334595870769244685e-01
8.999999999999999112e-01 8.238184670861179448e-01 7.742233612706561630e-01 3.164174615625630071e-01
8.999999999999999112e-01 3.242582537987611091e-01 6.971668140909281774e-01 3.672190031427818857e-01
8.999999999999999112e-01 9.217743130080472413e-01 8.888333865999101802e-01 2.832926757182546718e-01
8.999999999999999112e-01 8.410732534326478271e-01 1.469271719882938310e-01 9.014958498015067656e-01
8.999999999999999112e-01 8.854441545519535772e-01 8.352971236683751077e-02 4.630797098271560719e-01
8.999999999999999112e-01 8.097365996113029540e-01 1.217870917852566792e-01 4.453485153883517400e-01
8.999999999999999112e-01 7.841221014949362189e-02 1.104907630192062534e-01 4.620952627810026025e-01
8.999999999999999112e-01 2.200640571344739116e-01 3.412739767998868579e-01 3.562040607376080192e-01
8.999999999999999112e-01 1.346947777793810197e-01 3.217205970188456998e-01 3.631016986195101937e-01
8.999999999999999112e-01 2.237273523793735786e-01 2.671410304668997426e-01 3.655440720452868275e-01
8.999999999999999112e-01 1.131364794306771587e-01 9.223336908626691422e-01 2.786109269522720755e-01
8.999999999999999112e-01 8.067164631832749455e-01 1.748599197965237384e-01 3.982228175882628896e-01
8.999999999999999112e-01 4.486138935412123385e-01 1.576119733907040410e-01 4.158068209653787983e-01
8.999999999999999112e-01 3.741845046205900527e-01 1.992013101316351953e-01 3.897938435214671760e-01
8.999999999999999112e-01 6.499999999990266897e-01 1.535898384864073929e-01 4.189804751648118497e-01
8.999999999999999112e-01 7.376899046805731608e-01 1.516548390400536128e-01 4.172818422602357358e-01
8.999999999999999112e-01 5.494603350131570529e-01 1.547372055908683985e-01 4.184736165518825324e-01
8.999999999999999112e-01 3.039400965902272489e-01 2.396278125221021349e-01 3.772952486811564365e-01
