3.000000000000000999e-01 3.660254037836220553e-02 3.660254037836220553e-02 2.510354338055327261e-01
3.000000000000000999e-01 9.633974596216157149e-01 3.660254037832411794e-02 2.510039108720884538e-01
3.000000000000000999e-01 9.633974596215489905e-01 9.633974596215695296e-01 5.008155047899102152e-01
3.000000000000000999e-01 3.660254037854770992e-02 9.633974596214728292e-01 4.986324228611355158e-01
3.000000000000000999e-01 1.252118684637894830e-01 4.233860225267714605e-02 2.507952762497915877e-01
3.000000000000000999e-01 8.660254037826953244e-02 3.660254037836220553e-02 2.492071153553074847e-01
3.000000000000000999e-01 1.752118684636611023e-01 4.233860225267714605e-02 2.496138566071619547e-01
3.000000000000000999e-01 2.248295083705298958e-01 4.302200509270340950e-02 2.511993212329176606e-01
3.000000000000000999e-01 3.237651817614448646e-01 4.258834754714403703e-02 2.498926238601332228e-01
3.000000000000000999e-01 2.748295083703841679e-01 4.302200509270340950e-02 2.494072627818197940e-01
3.000000000000000999e-01 3.737651817612991367e-01 4.258834754714403703e-02 2.504963072588471951e-01
3.000000000000000999e-01 4.235593787215569117e-01 4.083492358428948699e-02 2.494863520847334093e-01
3.000000000000000999e-01 5.249999999987574606e-01 4.330127018921585413e-02 2.472557245124763492e-01
3.000000000000000999e-01 4.735593787214166239e-01 4.083492358428948699e-02 2.509357504204165479e-01
3.000000000000000999e-01 5.749999999988837374e-01 4.330127018921585413e-02 2.529260221247003892e-01
3.000000000000000999e-01 6.249999999990398791e-01 4.330127018932018734e-02 2.464884719282806613e-01
3.000000000000000999e-01 7.229894016154094771e-01 3.979612844832430829e-02 2.454983846152986038e-01
3.000000000000000999e-01 6.749999999991715960e-01 4.330127018932018734e-02 2.539677283640670025e-01
3.000000000000000999e-01 7.729894016155410830e-01 3.979612844832430829e-02 2.542468276882133282e-01
3.000000000000000999e-01 8.220466949300746506e-01 4.692717198851338589e-02 2.461327600970795726e-01
3.000000000000000999e-01 8.720466949302063675e-01 4.692717198851338589e-02 2.534180758111550524e-01
3.000000000000000999e-01 9.133974596214841091e-01 3.660254037832411794e-02 2.482705308668310962e-01
3.000000000000000999e-01 9.585251297926462577e-01 1.252966158494188409e-01 2.536102484628496301e-01
3.000000000000000999e-01 9.633974596216157149e-01 8.660254037823145179e-02 2.514138052246054356e-01
3.000000000000000999e-01 9.585251297926462577e-01 1.752966158492904603e-01 2.552351662761010442e-01
3.000000000000000999e-01 9.566234908725813613e-01 2.254455701257723210e-01 2.600543279076155123e-01
3.000000000000000999e-01 9.566987298109043136e-01 3.249999999991934896e-01 2.764470903421740178e-01
3.000000000000000999e-01 9.566234908725813613e-01 2.754455701256265931e-01 2.652563840178613352e-01
3.000000000000000999e-01 9.566987298109043136e-01 3.749999999990477617e-01 2.872282094376735762e-01
3.000000000000000999e-01 9.578870485071248053e-01 4.247366908846622602e-01 3.043673674523430517e-01
3.000000000000000999e-01 9.576108593388834578e-01 5.234201453130905568e-01 3.471763522317077300e-01
3.000000000000000999e-01 9.578870485071248053e-01 4.747366908845219724e-01 3.237330606499860819e-01
3.000000000000000999e-01 9.576108593388834578e-01 5.734201453132168336e-01 3.788061679362829670e-01
3.000000000000000999e-01 9.497091977996863221e-01 6.264491944641302767e-01 4.097625659610731330e-01
3.000000000000000999e-01 9.551851937521852465e-01 7.293362827349898492e-01 4.586216747356000045e-01
3.000000000000000999e-01 9.497091977996863221e-01 6.764491944642618826e-01 4.365533717751780562e-01
3.000000000000000999e-01 9.551851937521852465e-01 7.793362827351215660e-01 4.767928376344516272e-01
3.000000000000000999e-01 9.583768533864982508e-01 8.254359269780773278e-01 4.867618813194660721e-01
3.000000000000000999e-01 9.583768533864982508e-01 8.754359269782090447e-01 4.958144825088408592e-01
3.000000000000000999e-01 9.633974596215489905e-01 9.133974596214378128e-01 4.970103539654331382e-01
3.000000000000000999e-01 8.747881315356682563e-01 9.576613977474145445e-01 5.063334431588382145e-01
3.000000000000000999e-01 9.133974596213407793e-01 9.633974596215695296e-01 4.915488827220322321e-01
3.000000000000000999e-01 8.247881315358763787e-01 9.576613977474145445e-01 4.905790931979996938e-01
3.000000000000000999e-01 7.749646885895098425e-01 9.568591744671604005e-01 5.079172380339039838e-01
3.000000000000000999e-01 6.750000000008542500e-01 9.566987298110374294e-01 5.068268182742097228e-01
3.000000000000000999e-01 7.249646885898566318e-01 9.568591744671604005e-01 4.895726500678776461e-01
3.000000000000000999e-01 6.250000000012010393e-01 9.566987298110374294e-01 4.909672869468224565e-01
3.000000000000000999e-01 5.750003153185168081e-01 9.566989118593270947e-01 5.049539430145346675e-01
3.000000000000000999e-01 4.750000000018709256e-01 9.566987298108232673e-01 5.019425659108699422e-01
3.000000000000000999e-01 5.250003153188527172e-01 9.566989118593270947e-01 4.931080434009876834e-01
3.000000000000000999e-01 4.250000000016737611e-01 9.566987298108232673e-01 4.963988661967255189e-01
3.000000000000000999e-01 3.750681084818036637e-01 9.567380522600502646e-01 4.993023795588115710e-01
3.000000000000000999e-01 2.754086508819716395e-01 9.569346645065124335e-01 4.974462850053095742e-01
3.000000000000000999e-01 3.250681084815956190e-01 9.567380522600502646e-01 4.990113890069368119e-01
3.000000000000000999e-01 2.254086508817635393e-01 9.569346645065124335e-01 5.006793573391030705e-01
3.000000000000000999e-01 1.765339390525455521e-01 9.589362312411962019e-01 4.967835261695090487e-01
3.000000000000000999e-01 1.265339390523374519e-01 9.589362312411962019e-01 5.010133476880790360e-01
3.000000000000000999e-01 8.660254037875571298e-02 9.633974596214728292e-01 4.958730850934841006e-01
3.000000000000000999e-01 4.180966977113141636e-02 1.238882226407513887e-01 2.533738745484638843e-01
3.000000000000000999e-01 3.660254037836220553e-02 8.660254037826953244e-02 2.507114806538477403e-01
3.000000000000000999e-01 4.330127018909571412e-02 2.249999999994850008e-01 2.569534122157500211e-01
3.000000000000000999e-01 4.180966977113141636e-02 1.738882226406229803e-01 2.542803235274861406e-01
3.000000000000000999e-01 4.330127018909571412e-02 2.749999999993392730e-01 2.646800251989078756e-01
3.000000000000000999e-01 3.987657589711841866e-02 3.246757559849788866e-01 2.768051582596975924e-01
3.000000000000000999e-01 4.618396370592584704e-02 4.302871403673809159e-01 3.131024598436272788e-01
3.000000000000000999e-01 3.987657589711841866e-02 3.746757559848331032e-01 2.958138585626791661e-01
3.000000000000000999e-01 4.618396370592584704e-02 4.802871403672406281e-01 3.336647396925315201e-01
3.000000000000000999e-01 3.262813176616654459e-02 5.249999999987573496e-01 3.643405356400811201e-01
3.000000000000000999e-01 4.442715103644682972e-02 6.254600999497561542e-01 4.184835571141218846e-01
3.000000000000000999e-01 3.262813176616654459e-02 5.749999999988836263e-01 3.950911564145992427e-01
3.000000000000000999e-01 4.442715103644682972e-02 6.754600999498877600e-01 4.397741957880942354e-01
3.000000000000000999e-01 3.289179378763284339e-02 7.234897786235273687e-01 4.584660269369225105e-01
3.000000000000000999e-01 4.528486237244019191e-02 8.204087190465501056e-01 4.847513111128765595e-01
3.000000000000000999e-01 3.289179378763284339e-02 7.734897786236589745e-01 4.738809844117389258e-01
3.000000000000000999e-01 4.528486237244019191e-02 8.704087190466818225e-01 4.921130727375446767e-01
3.000000000000000999e-01 3.660254037854770992e-02 9.133974596213412234e-01 4.954699523250726267e-01
3.000000000000000999e-01 4.000681084818130118e-01 9.134367820708735319e-01 4.961622536872982159e-01
3.000000000000000999e-01 4.250113514151965255e-01 8.701027431740419038e-01 4.939422729654563970e-01
3.000000000000000999e-01 4.750018919039155074e-01 8.700972817229124523e-01 4.886925375101517921e-01
3.000000000000000999e-01 5.000003153186649563e-01 9.133976416701503620e-01 4.960155871123767546e-01
3.000000000000000999e-01 5.999999999989767963e-01 8.660254037853604148e-02 2.494602923773256431e-01
3.000000000000000999e-01 4.985593787214797068e-01 8.413619377350534112e-02 2.500861895078315689e-01
3.000000000000000999e-01 5.749999999988287813e-01 1.200961894323129553e-01 2.456643082244722165e-01
3.000000000000000999e-01 5.244603350131489261e-01 1.212435565369871515e-01 2.510626201199998020e-01
3.000000000000000999e-01 9.073200571385698909e-01 5.998693397784002901e-01 3.825364426082342728e-01
3.000000000000000999e-01 9.154979078460083741e-01 4.981568361989182070e-01 3.425921492989424388e-01
3.000000000000000999e-01 8.660086652759528825e-01 5.184110120502878338e-01 3.463014316176560858e-01
3.000000000000000999e-01 8.759156799338241317e-01 5.647642028295332128e-01 3.733783619790119745e-01
3.000000000000000999e-01 1.199371991262569992e-01 5.101317187313249013e-01 3.473247505756994480e-01
3.000000000000000999e-01 1.464902389342515598e-01 4.672289009882387711e-01 3.281286165979779290e-01
3.000000000000000999e-01 1.276630546942187083e-01 4.204814641349921001e-01 3.166879743993101792e-01
3.000000000000000999e-01 8.606053960304427264e-02 4.049628963532391213e-01 2.882071673982899984e-01
3.000000000000000999e-01 7.881209547209239163e-02 5.052871403673035999e-01 3.697473418646546328e-01
3.000000000000000999e-01 1.191741065657240251e-01 6.970401740734568641e-01 4.500940658877163325e-01
3.000000000000000999e-01 1.427986469358879795e-01 6.522032805572047787e-01 4.286960077672301028e-01
3.000000000000000999e-01 1.181803864567779749e-01 6.053046783137141507e-01 4.104996210992636341e-01
3.000000000000000999e-01 7.731894482407966618e-02 6.989498785742050968e-01 4.526702596514558530e-01
3.000000000000000999e-01 7.705528280261336738e-02 6.004600999496929603e-01 4.036956423653285664e-01
3.000000000000000999e-01 6.000003153183310900e-01 9.133976416703645240e-01 4.960230824420953089e-01
3.000000000000000999e-01 6.250004817355159226e-01 8.700964675624870415e-01 4.998879415692016881e-01
3.000000000000000999e-01 6.999646885900174809e-01 9.135579042781978298e-01 4.964882779644753108e-01
3.000000000000000999e-01 6.747204549069285573e-01 8.699774471744666782e-01 4.832068670036295255e-01
3.000000000000000999e-01 8.621892569405321671e-01 3.273768049072564024e-01 2.749638372896259231e-01
3.000000000000000999e-01 9.145857783180291189e-01 3.997366908847351796e-01 8.455296116476964663e-01
3.000000000000000999e-01 9.133222206834856749e-01 3.004455701255537292e-01 1.860121776647134517e-01
3.000000000000000999e-01 8.770451767248732544e-01 3.746394995986461751e-01 2.908455738008359770e-01
3.000000000000000999e-01 3.973245604838810952e-01 8.342327113143352402e-02 2.498073192337637027e-01
3.000000000000000999e-01 2.985946901325626235e-01 8.561035263984745347e-02 2.506850515165662263e-01
3.000000000000000999e-01 3.222380602284338202e-01 1.255201994038424029e-01 2.501786933628203369e-01
3.000000000000000999e-01 3.729187402892853997e-01 1.222580345900767806e-01 2.512815873023540036e-01
3.000000000000000999e-01 9.048943915518716796e-01 7.057854772000418109e-01 4.757632296581897902e-01
3.000000000000000999e-01 8.627055661221263438e-01 7.884875019309449673e-01 4.766705937642897184e-01
3.000000000000000999e-01 9.135620471386834973e-01 8.047722097137255393e-01 5.231355685747390849e-01
3.000000000000000999e-01 8.714832884683620939e-01 7.444084248104809731e-01 4.659648393775476238e-01
3.000000000000000999e-01 3.004767593623188793e-01 9.136727167665628091e-01 4.967316955080763319e-01
3.000000000000000999e-01 2.754900026780905953e-01 8.703790926090289037e-01 4.950282819196649697e-01
3.000000000000000999e-01 2.251131126042659192e-01 8.717837525907359275e-01 4.918718983549966173e-01
3.000000000000000999e-01 2.019425899334769126e-01 9.158708957477087464e-01 4.969500686636108000e-01
3.000000000000000999e-01 1.390436097845441643e-01 2.143881932143386626e-01 2.556291599660646119e-01
3.000000000000000999e-01 8.511093996022713049e-02 1.988882226405501163e-01 2.572405857905009086e-01
3.000000000000000999e-01 1.381194720713583290e-01 2.720448410332060862e-01 2.614810077366694907e-01
3.000000000000000999e-01 8.317784608621413278e-02 2.996757559850516950e-01 3.843891379835465694e-01
3.000000000000000999e-01 6.979894016153709302e-01 8.309739863764449563e-02 2.505572574782711781e-01
3.000000000000000999e-01 7.950360965461422680e-01 8.672330043683769418e-02 2.501565905433507098e-01
3.000000000000000999e-01 7.229894016154125858e-01 1.165910476916346139e-01 2.567621047882450158e-01
3.000000000000000999e-01 7.606793062967693864e-01 1.146560482450676016e-01 2.449128916264212696e-01
3.000000000000000999e-01 7.997528201253863989e-01 9.145205722145750560e-01 4.971512754868283035e-01
3.000000000000000999e-01 8.323085039058175649e-01 8.668126169429746231e-01 5.091692035719544984e-01
3.000000000000000999e-01 8.831649849223747184e-01 8.830973247257551950e-01 4.906784191080924562e-01
3.000000000000000999e-01 8.881855911574254581e-01 9.210588573689839631e-01 4.986160445889872284e-01
3.000000000000000999e-01 9.151486206652276190e-01 2.007421859755048887e-01 9.987634550163111413e-01
3.000000000000000999e-01 8.805718247229841200e-01 1.222237878380248860e-01 2.516359324406974851e-01
3.000000000000000999e-01 8.775516882949561115e-01 1.752966158492919591e-01 2.567963950010485608e-01
3.000000000000000999e-01 9.219225894142619726e-01 1.118991562278356111e-01 2.999921364716431338e-01
3.000000000000000999e-01 1.449893240953586404e-01 8.352578071310369223e-01 4.882753035422593424e-01
3.000000000000000999e-01 1.200318179017173803e-01 7.919887931699876038e-01 4.807185702982542663e-01
3.000000000000000999e-01 1.218188014245696338e-01 8.793449502880097413e-01 4.922239491543340950e-01
3.000000000000000999e-01 7.817665616007303531e-02 7.938984976707357255e-01 4.814036512653867561e-01
3.000000000000000999e-01 8.188740275098790877e-02 8.838061786682862575e-01 4.995608681320149458e-01
3.000000000000000999e-01 2.000413768346331056e-01 8.536060734538056249e-02 2.501880959477705835e-01
3.000000000000000999e-01 1.709542080593305924e-01 1.317267954673097541e-01 2.551022075244993026e-01
3.000000000000000999e-01 1.170215382350135724e-01 1.162268248935211939e-01 2.512518283169190569e-01
3.000000000000000999e-01 1.118144088422443616e-01 7.894114263103935158e-02 2.508186442588704601e-01
3.000000000000000999e-01 3.750794598953264281e-01 8.701420656232689010e-01 4.928092493605171764e-01
3.000000000000000999e-01 3.251494602777146303e-01 8.701824803625667348e-01 4.920034965876284305e-01
3.000000000000000999e-01 4.500132433174289237e-01 8.268025652753077104e-01 4.870578636069305967e-01
3.000000000000000999e-01 4.250135586346443506e-01 7.835014771345896190e-01 4.768329240950762715e-01
3.000000000000000999e-01 3.500927032110980885e-01 8.268484414657351067e-01 4.864178074611475444e-01
3.000000000000000999e-01 3.749933895513882787e-01 7.837954946479003260e-01 4.793233589106691284e-01
3.000000000000000999e-01 4.750040991233633880e-01 7.834960156834600564e-01 4.811087620167479040e-01
3.000000000000000999e-01 5.250025750908182687e-01 7.834951357831078100e-01 4.731668682842984919e-01
3.000000000000000999e-01 5.250022072208974100e-01 8.700974637714162796e-01 4.976084323752694716e-01
3.000000000000000999e-01 5.500023736380823536e-01 8.267962896635387970e-01 4.865893967488928995e-01
3.000000000000000999e-01 5.000028904080335845e-01 7.401940476423896076e-01 4.667370617480391393e-01
3.000000000000000999e-01 4.750026889556553389e-01 6.968926611446117914e-01 4.475482826439092787e-01
3.000000000000000999e-01 4.248352233547023071e-01 6.970786688042093227e-01 4.529317222394955156e-01
3.000000000000000999e-01 3.999842453573227985e-01 7.404889450560526720e-01 4.662554521137772801e-01
3.000000000000000999e-01 5.250011649231101085e-01 6.968917812442594339e-01 4.537770797764718589e-01
3.000000000000000999e-01 5.750011649227526611e-01 7.834943216224683482e-01 4.843524263260268747e-01
3.000000000000000999e-01 5.750108013222712255e-01 6.969427593582180336e-01 4.445190213941500046e-01
3.000000000000000999e-01 5.997865371981079274e-01 7.401130611353277100e-01 4.658478451164159706e-01
3.000000000000000999e-01 4.498334978697788311e-01 6.537764024060791490e-01 4.306114422804251940e-01
3.000000000000000999e-01 4.746449948431609167e-01 6.105018157299978432e-01 4.122471626285676982e-01
3.000000000000000999e-01 5.249413142098566798e-01 6.103243876666204493e-01 4.050149781417757833e-01
3.000000000000000999e-01 5.500105998698929799e-01 6.536413728604401063e-01 4.312141497163286541e-01
3.000000000000000999e-01 4.244775292422079405e-01 6.106878233895953745e-01 4.056372925048354894e-01
3.000000000000000999e-01 3.742696339080599510e-01 6.106091319821493890e-01 4.107625438491813163e-01
3.000000000000000999e-01 3.748150542714462352e-01 6.973726863175200297e-01 4.478850042767655859e-01
3.000000000000000999e-01 3.491092317961406177e-01 6.537565378390848281e-01 4.304748083299289596e-01
3.000000000000000999e-01 4.995853455822857336e-01 5.672358086501366747e-01 3.863504938803191679e-01
3.000000000000000999e-01 4.745754040390012252e-01 5.239404156458677964e-01 3.577069125875398381e-01
3.000000000000000999e-01 4.242460105772764001e-01 5.241232704922124119e-01 3.649503429224608131e-01
3.000000000000000999e-01 3.990811308814420366e-01 5.673345453060680832e-01 3.857959965603446340e-01
3.000000000000000999e-01 5.248717234056969883e-01 5.237629875824904024e-01 3.660443056414697249e-01
3.000000000000000999e-01 5.749194530427561567e-01 5.237343957695042018e-01 3.570424104098726126e-01
3.000000000000000999e-01 5.999274079820960948e-01 5.670309006564533405e-01 3.863935959454122826e-01
3.000000000000000999e-01 5.749509506090177968e-01 6.103753657805789379e-01 4.148241940134522743e-01
3.000000000000000999e-01 5.499095114994715372e-01 4.804390027652353234e-01 3.356661810290694214e-01
3.000000000000000999e-01 4.495323884006875992e-01 4.806504494245661951e-01 3.390658519475725496e-01
3.000000000000000999e-01 4.748529556656004846e-01 4.371691879145356285e-01 3.196037585346747090e-01
3.000000000000000999e-01 5.249634200239597925e-01 4.372358650845222794e-01 3.185040380007561067e-01
3.000000000000000999e-01 6.249651960758706437e-01 5.237069158391981505e-01 3.619831348872873389e-01
3.000000000000000999e-01 6.522057298516237278e-01 4.820356691840174679e-01 3.353594308254739254e-01
3.000000000000000999e-01 6.253462422109320462e-01 4.373714660616080385e-01 3.124088105421595207e-01
3.000000000000000999e-01 5.750111496610188500e-01 4.372072732715359678e-01 3.143034238081502396e-01
3.000000000000000999e-01 4.245235622038756595e-01 4.373520427608802441e-01 3.115641185650779299e-01
3.000000000000000999e-01 3.750022047254655266e-01 4.376297137048060781e-01 3.219437531372245087e-01
3.000000000000000999e-01 3.490723536261759463e-01 4.808076412561916868e-01 3.373071339082102660e-01
3.000000000000000999e-01 3.740381152431284661e-01 5.240445790847665375e-01 3.569335486926002998e-01
3.000000000000000999e-01 4.003227719903783566e-01 3.941484521947754560e-01 3.028335364067201718e-01
3.000000000000000999e-01 4.249758600671839082e-01 3.522334020910720676e-01 2.867233588917013076e-01
3.000000000000000999e-01 4.749180414131592420e-01 3.508173049341224425e-01 2.857570584916069856e-01
3.000000000000000999e-01 4.999545938271477974e-01 3.939374584208362728e-01 2.991870519942732565e-01
3.000000000000000999e-01 3.248715634126787544e-01 4.376040506900869542e-01 3.151911624794707656e-01
3.000000000000000999e-01 3.754545025887738308e-01 3.525110730349979016e-01 2.835578276787326657e-01
3.000000000000000999e-01 3.254007072576922122e-01 3.508029000566403877e-01 2.881968138230692755e-01
3.000000000000000999e-01 3.006465625081954363e-01 3.914421973357374851e-01 3.023369321216362038e-01
3.000000000000000999e-01 6.772136847909636659e-01 5.253321740709666621e-01 3.516466951261383866e-01
3.000000000000000999e-01 7.007928154062089687e-01 5.685668721828766037e-01 3.880105911545891906e-01
3.000000000000000999e-01 6.751187114090079211e-01 6.105598919526049606e-01 4.158277530451144344e-01
3.000000000000000999e-01 6.249966936421323949e-01 6.103478858502728865e-01 4.039120424044357893e-01
3.000000000000000999e-01 6.775947309260250684e-01 4.389967242933764391e-01 3.135768359484337742e-01
3.000000000000000999e-01 7.280333491819619418e-01 5.268956255276959766e-01 3.591280270515450068e-01
3.000000000000000999e-01 7.289950147535242397e-01 4.411931972525324208e-01 3.138263726626776551e-01
3.000000000000000999e-01 7.606249152204276331e-01 4.868213304444373724e-01 3.350852491082018658e-01
3.000000000000000999e-01 7.021355271128325581e-01 3.965289941301229915e-01 2.938988583176138647e-01
3.000000000000000999e-01 6.753676216437274338e-01 3.507560990732020434e-01 2.881900885326158512e-01
3.000000000000000999e-01 6.004001507354201905e-01 3.941683283808949945e-01 2.993001277098055191e-01
3.000000000000000999e-01 6.254211696488958250e-01 3.512137370525610924e-01 2.773458440318081752e-01
3.000000000000000999e-01 2.725406799281600567e-01 5.227702504085662838e-01 3.577211132085112988e-01
3.000000000000000999e-01 2.497771313850202790e-01 4.773327497410816411e-01 3.342561525125853361e-01
3.000000000000000999e-01 3.239074739303416384e-01 5.240189160700474691e-01 3.617996608329429042e-01
3.000000000000000999e-01 2.747167114089058559e-01 4.346201248871230938e-01 3.195665117471579997e-01
3.000000000000000999e-01 3.500537953344977637e-01 3.088878499529369992e-01 2.818948289252395378e-01
3.000000000000000999e-01 4.500497720115547162e-01 3.091799257743448326e-01 2.756648541462666802e-01
3.000000000000000999e-01 4.241777075459780000e-01 2.699947201661486718e-01 2.661186458810272937e-01
3.000000000000000999e-01 3.750847414259059764e-01 2.748296345543497221e-01 2.589250667895999225e-01
3.000000000000000999e-01 2.448182018839706875e-01 3.006346795207898159e-01 2.814628903780133640e-01
3.000000000000000999e-01 2.752458552539194248e-01 3.478189742536765827e-01 2.893761846422217565e-01
3.000000000000000999e-01 3.250309460948244134e-01 2.731214615759922082e-01 2.623637594626007097e-01
3.000000000000000999e-01 2.789091504988190362e-01 2.736860279206894120e-01 2.542922968001222195e-01
3.000000000000000999e-01 4.741198888919533339e-01 2.685786230091989912e-01 2.629123633194972998e-01
3.000000000000000999e-01 5.249211372996365199e-01 2.662381236352887592e-01 2.676470830393661848e-01
3.000000000000000999e-01 5.250285057715184944e-01 3.508839821041090934e-01 2.822078180220899402e-01
3.000000000000000999e-01 5.500495246849941289e-01 3.079293907757751914e-01 2.743624159562486065e-01
3.000000000000000999e-01 4.990490728340597482e-01 2.270529180270925429e-01 2.615201665651939456e-01
3.000000000000000999e-01 4.232774707406620207e-01 1.943663957434341449e-01 2.535022646318184636e-01
3.000000000000000999e-01 4.735842472269269354e-01 1.926389950482726987e-01 2.550239264496859670e-01
3.000000000000000999e-01 3.991548583063045941e-01 2.342283317892038530e-01 2.619004132232167770e-01
3.000000000000000999e-01 7.259383758000061970e-01 6.121233434093342751e-01 4.021077596601720372e-01
3.000000000000000999e-01 7.758062398990637210e-01 6.118600810640044685e-01 4.142416473737777771e-01
3.000000000000000999e-01 7.842040458356729360e-01 5.300560285563473695e-01 3.588577447655874053e-01
3.000000000000000999e-01 7.941110604935441852e-01 5.764092193355927485e-01 3.884232351786369164e-01
3.000000000000000999e-01 7.501321359018626733e-01 6.538531008337327144e-01 4.319379157278308012e-01
3.000000000000000999e-01 7.237038410045563142e-01 6.963609068539131641e-01 4.564150465581356397e-01
3.000000000000000999e-01 6.501422540359296232e-01 6.539043570767305580e-01 4.309937855991367028e-01
3.000000000000000999e-01 6.749179899117663251e-01 6.970746588538402344e-01 4.434046232547656508e-01
3.000000000000000999e-01 7.267679054712266051e-01 3.529525720323579696e-01 2.798601376265867358e-01
3.000000000000000999e-01 7.822584325997936627e-01 3.517395384523355206e-01 2.889359004876853598e-01
3.000000000000000999e-01 7.851657114072352339e-01 4.443536002811838692e-01 3.037855059975270722e-01
3.000000000000000999e-01 7.971143523841348610e-01 3.990022331437252934e-01 2.948052422573669840e-01
3.000000000000000999e-01 7.554905271306885384e-01 3.059666433954145726e-01 2.705164030441372103e-01
3.000000000000000999e-01 7.243868683578255085e-01 2.643712177915064077e-01 2.721186354405236707e-01
3.000000000000000999e-01 6.500535480072898720e-01 3.076373149547960706e-01 2.739617854966418520e-01
3.000000000000000999e-01 6.749724757492472360e-01 2.648603471357974803e-01 2.575133291779916900e-01
3.000000000000000999e-01 7.735717051036137271e-01 6.960976445085833575e-01 4.377743806590932985e-01
3.000000000000000999e-01 8.497091978001464208e-01 6.532441137088582650e-01 4.276288782446609482e-01
3.000000000000000999e-01 8.162980947166369461e-01 6.918670613192976493e-01 4.608620340807550453e-01
3.000000000000000999e-01 8.183048205954006615e-01 6.181389767599911877e-01 4.008308051565420138e-01
3.000000000000000999e-01 6.983575591135174898e-01 7.393192025286909885e-01 4.640262490853013233e-01
3.000000000000000999e-01 7.232921600095746362e-01 7.825814426278112634e-01 4.641466887238046013e-01
3.000000000000000999e-01 7.810920774730947258e-01 7.784539444599419822e-01 4.840398171212419443e-01
3.000000000000000999e-01 7.898697998193306979e-01 7.343748673394780990e-01 4.606943485655217718e-01
3.000000000000000999e-01 5.749787086271006542e-01 2.664036857936686875e-01 2.585676435261453077e-01
3.000000000000000999e-01 5.998976363690580182e-01 2.236267179746700973e-01 2.620119753359633208e-01
3.000000000000000999e-01 5.749251606202899767e-01 1.891511285696882427e-01 2.570177268732297682e-01
3.000000000000000999e-01 5.243854956346101215e-01 1.902984956743624667e-01 2.493646923050871211e-01
3.000000000000000999e-01 7.798773954863926772e-01 2.631581842114839587e-01 2.603986839608544157e-01
3.000000000000000999e-01 8.621140180022092148e-01 2.778223750336894504e-01 2.652285159492295818e-01
3.000000000000000999e-01 8.245170856319377073e-01 2.523768049074764930e-01 2.890395009288788675e-01
3.000000000000000999e-01 8.258369740435967943e-01 3.520163045067818963e-01 2.733235721916058569e-01
3.000000000000000999e-01 6.993593441049513748e-01 2.220518879518668665e-01 2.618196280119339248e-01
3.000000000000000999e-01 7.934134268590746775e-01 2.107813793035683281e-01 2.587677546707511933e-01
3.000000000000000999e-01 7.243868683563730038e-01 1.875762985470982025e-01 2.485407063277120243e-01
3.000000000000000999e-01 7.620767730377298044e-01 1.856412991005311763e-01 2.717051464256715620e-01
3.000000000000000999e-01 2.497858135196616147e-01 8.282935161867399643e-01 4.866826419905795897e-01
3.000000000000000999e-01 2.750456540511099779e-01 7.839733697784126987e-01 4.755658168461028290e-01
3.000000000000000999e-01 3.250633899337764809e-01 7.838359093871981598e-01 4.784257844761840572e-01
3.000000000000000999e-01 2.246687639772853018e-01 7.853780297601197224e-01 4.808001559390933100e-01
3.000000000000000999e-01 1.744514172521956508e-01 7.864291622073976695e-01 4.779129358508149572e-01
3.000000000000000999e-01 1.762384007750479042e-01 8.737853193254196960e-01 4.945847010803344768e-01
3.000000000000000999e-01 1.997112577836440417e-01 7.421090157990704039e-01 4.642366307686229265e-01
3.000000000000000999e-01 2.233357981538079962e-01 6.972721222828182075e-01 4.481206288003468097e-01
3.000000000000000999e-01 2.999463403914002235e-01 7.409204229605779179e-01 4.657156352085724538e-01
3.000000000000000999e-01 2.742405179160946060e-01 6.973042744821427164e-01 4.490529149101541995e-01
3.000000000000000999e-01 1.731184514287183451e-01 6.983232547300961546e-01 4.497954865320055173e-01
3.000000000000000999e-01 1.076387493169100318e-01 7.450698527470964727e-01 4.643547202838230192e-01
3.000000000000000999e-01 1.721247313197722950e-01 6.065877589703534412e-01 4.071376715116445388e-01
3.000000000000000999e-01 2.214413196709066056e-01 6.091224418947520647e-01 4.093899392825520178e-01
3.000000000000000999e-01 2.476477115611688817e-01 6.535185134131685780e-01 4.293067657866461162e-01
3.000000000000000999e-01 1.968230591917966010e-01 5.622238396512615477e-01 3.806463203745364954e-01
3.000000000000000999e-01 1.740595106486568511e-01 5.167863389837767940e-01 3.591262503293450870e-01
3.000000000000000999e-01 1.063813671864976829e-01 5.548445783628417338e-01 3.784233662657506825e-01
3.000000000000000999e-01 2.233760989997911617e-01 5.193210219081753065e-01 3.584468472470319078e-01
3.000000000000000999e-01 2.975064415451125210e-01 5.660071882371411345e-01 3.848610966613399964e-01
3.000000000000000999e-01 2.723460394331931878e-01 6.091545940940765735e-01 4.080436142456956850e-01
3.000000000000000999e-01 1.817853662166185602e-01 4.271360843874439928e-01 3.195478094501673638e-01
3.000000000000000999e-01 2.255521304805370164e-01 4.311708963867321165e-01 3.192539967259769296e-01
3.000000000000000999e-01 1.762972928705554554e-01 3.372391648005986786e-01 2.775618847971780823e-01
3.000000000000000999e-01 2.067249462405041371e-01 3.844234595334854454e-01 3.032666460898366667e-01
3.000000000000000999e-01 1.213556668854112730e-01 3.648700797524443429e-01 2.940984986085435349e-01
3.000000000000000999e-01 3.237128334353748249e-01 6.104032597555576478e-01 4.056845712320053532e-01
3.000000000000000999e-01 8.660072925158632806e-01 6.915213365397530065e-01 4.428713586689864146e-01
3.000000000000000999e-01 8.680140183946269961e-01 6.177932519804466560e-01 4.059605765237939701e-01
3.000000000000000999e-01 6.749999999991747046e-01 1.200961894326304930e-01 2.438635586626220486e-01
3.000000000000000999e-01 6.249999999989850341e-01 1.200961894324172885e-01 2.549238863031791924e-01
3.000000000000000999e-01 5.750007970528318024e-01 8.700966496107767068e-01 4.857552644189021551e-01
3.000000000000000999e-01 6.247863357453721234e-01 7.834142150157585860e-01 4.704206110556569675e-01
3.000000000000000999e-01 6.497209366414292697e-01 8.266764551148788609e-01 4.864782164201451042e-01
3.000000000000000999e-01 8.662848544441941190e-01 4.697275576217192494e-01 3.250976487092677170e-01
3.000000000000000999e-01 8.782334954210937461e-01 4.243761904842606736e-01 3.032651072826056948e-01
3.000000000000000999e-01 8.287442528510382544e-01 4.446303663356302449e-01 3.307317719186325666e-01
3.000000000000000999e-01 8.267026265320098766e-01 5.363349242523341998e-01 3.230324306863608386e-01
3.000000000000000999e-01 4.227129372495431747e-01 1.205046106272222306e-01 2.511334311946208375e-01
3.000000000000000999e-01 4.730197137358080894e-01 1.187772099320607844e-01 2.487823734741715365e-01
3.000000000000000999e-01 2.205718479661993858e-01 1.324101983073359967e-01 2.504916558021272333e-01
3.000000000000000999e-01 2.733023868373731236e-01 1.259538569494017546e-01 2.511994352369132377e-01
3.000000000000000999e-01 2.442152180620706103e-01 1.723200450713309462e-01 2.523369352594828641e-01
3.000000000000000999e-01 1.375520093665798527e-01 1.632764158554766420e-01 2.557244652980560917e-01
3.000000000000000999e-01 1.905605414777110651e-01 2.364330342481326397e-01 3.421499003834744812e-01
3.000000000000000999e-01 2.246514900925594138e-01 2.094843826480322913e-01 2.574632907191283238e-01
3.000000000000000999e-01 3.476264369940958998e-01 1.626015388996310818e-01 2.519362647763212504e-01
3.000000000000000999e-01 3.235038245597384732e-01 2.024634749454007898e-01 2.536473014145116389e-01
3.000000000000000999e-01 2.773820289637330960e-01 2.030280412900980491e-01 2.521939456288726511e-01
3.000000000000000999e-01 8.756500493748913261e-01 2.254455701257738198e-01 2.587902838972796493e-01
3.000000000000000999e-01 6.247959721448907988e-01 6.968626527515082714e-01 4.568189741249366609e-01
3.000000000000000999e-01 7.246851434959308280e-01 8.701378918305897603e-01 5.021174332422192466e-01
3.000000000000000999e-01 7.824850609594509177e-01 8.660103936627204790e-01 4.835214501785752295e-01
3.000000000000000999e-01 5.750860770989827397e-01 3.510495442624890217e-01 2.858351174526971850e-01
3.000000000000000999e-01 6.250260237544157382e-01 2.653179851151565294e-01 2.668626384330608503e-01
3.000000000000000999e-01 6.745063089167846471e-01 7.832951946277382227e-01 4.869719256313425060e-01
3.000000000000000999e-01 6.749724757477947312e-01 1.880654278913892474e-01 2.590156503671596222e-01
3.000000000000000999e-01 6.249724757476050607e-01 1.880654278911760569e-01 2.482026697602241483e-01
3.000000000000000999e-01 7.572408272763619941e-01 8.224299365589893274e-01 4.866480553561812750e-01
3.000000000000000999e-01 8.658972257564392372e-01 8.345871461739007291e-01 4.919747356559331930e-01
3.000000000000000999e-01 8.238184670861179448e-01 7.742233612706561630e-01 4.106788222841141200e-01
3.000000000000000999e-01 3.242582537987611091e-01 6.971668140909281774e-01 4.500424725912681168e-01
3.000000000000000999e-01 9.217743130080472413e-01 8.888333865999101802e-01 5.362503843534961456e-01
3.000000000000000999e-01 8.410732534326478271e-01 1.469271719882938310e-01 8.181615890587703444e-01
3.000000000000000999e-01 8.854441545519535772e-01 8.352971236683751077e-02 2.513858365581427279e-01
3.000000000000000999e-01 8.097365996113029540e-01 1.217870917852566792e-01 2.550157787277929078e-01
3.000000000000000999e-01 7.841221014949362189e-02 1.104907630192062534e-01 2.604284862408137724e-01
3.000000000000000999e-01 2.200640571344739116e-01 3.412739767998868579e-01 2.787682848183546391e-01
3.000000000000000999e-01 1.346947777793810197e-01 3.217205970188456998e-01 2.802607407689178265e-01
3.000000000000000999e-01 2.237273523793735786e-01 2.671410304668997426e-01 2.581496650553168903e-01
3.000000000000000999e-01 1.131364794306771587e-01 9.223336908626691422e-01 4.967892628242170372e-01
3.000000000000000999e-01 8.067164631832749455e-01 1.748599197965237384e-01 2.529378621782617520e-01
3.000000000000000999e-01 4.486138935412123385e-01 1.576119733907040410e-01 2.523560263806252091e-01
3.000000000000000999e-01 3.741845046205900527e-01 1.992013101316351953e-01 2.549528482971775145e-01
3.000000000000000999e-01 6.499999999990266897e-01 1.535898384864073929e-01 2.537886824454371748e-01
3.000000000000000999e-01 7.376899046805731608e-01 1.516548390400536128e-01 2.523472104585710585e-01
3.000000000000000999e-01 5.494603350131570529e-01 1.547372055908683985e-01 2.540477890986100329e-01
3.000000000000000999e-01 3.039400965902272489e-01 2.396278125221021349e-01 2.616688347551994753e-01
