4.000000000000000083e-02,1.926000000000000000e+03,1.899000000000000000e+03,1.926000000000000000e+03,1.899000000000000000e+03
2.400000000000000466e-01,1.562000000000000000e+03,1.550000000000000000e+03,3.488000000000000000e+03,3.449000000000000000e+03
4.400000000000000022e-01,1.120000000000000000e+03,1.044000000000000000e+03,4.608000000000000000e+03,4.493000000000000000e+03
6.399999999999999023e-01,1.067000000000000000e+03,9.380000000000000000e+02,5.675000000000000000e+03,5.431000000000000000e+03
6.799999999999999378e-01,1.312000000000000000e+03,1.069000000000000000e+03,6.987000000000000000e+03,6.500000000000000000e+03
7.199999999999999734e-01,1.049000000000000000e+03,1.023000000000000000e+03,8.036000000000000000e+03,7.523000000000000000e+03
7.600000000000000089e-01,1.282000000000000000e+03,1.108000000000000000e+03,9.318000000000000000e+03,8.631000000000000000e+03
9.599999999999999645e-01,1.285000000000000000e+03,1.097000000000000000e+03,1.060300000000000000e+04,9.728000000000000000e+03
1.159999999999999920e+00,1.239000000000000000e+03,1.216000000000000000e+03,1.184200000000000000e+04,1.094400000000000000e+04
1.360000000000000098e+00,8.720000000000000000e+02,8.280000000000000000e+02,1.271400000000000000e+04,1.177200000000000000e+04
2.360000000000000320e+00,2.710000000000000000e+02,2.680000000000000000e+02,1.298500000000000000e+04,1.204000000000000000e+04
3.360000000000000320e+00,8.800000000000000000e+01,8.000000000000000000e+01,1.307300000000000000e+04,1.212000000000000000e+04
4.360000000000000320e+00,7.400000000000000000e+01,6.000000000000000000e+01,1.314700000000000000e+04,1.218000000000000000e+04
5.360000000000000320e+00,8.700000000000000000e+01,9.300000000000000000e+01,1.323400000000000000e+04,1.227300000000000000e+04
6.360000000000000320e+00,1.220000000000000000e+02,1.260000000000000000e+02,1.335600000000000000e+04,1.239900000000000000e+04
7.360000000000000320e+00,1.100000000000000000e+02,1.120000000000000000e+02,1.346600000000000000e+04,1.251100000000000000e+04
8.359999999999999432e+00,1.200000000000000000e+02,1.340000000000000000e+02,1.358600000000000000e+04,1.264500000000000000e+04
9.359999999999999432e+00,1.320000000000000000e+02,1.550000000000000000e+02,1.371800000000000000e+04,1.280000000000000000e+04
1.035999999999999943e+01,1.460000000000000000e+02,1.750000000000000000e+02,1.386400000000000000e+04,1.297500000000000000e+04
1.135999999999999943e+01,1.510000000000000000e+02,1.890000000000000000e+02,1.401500000000000000e+04,1.316400000000000000e+04
1.235999999999999943e+01,1.600000000000000000e+02,2.000000000000000000e+02,1.417500000000000000e+04,1.336400000000000000e+04
1.335999999999999943e+01,1.700000000000000000e+02,2.050000000000000000e+02,1.434500000000000000e+04,1.356900000000000000e+04
1.435999999999999943e+01,1.750000000000000000e+02,2.150000000000000000e+02,1.452000000000000000e+04,1.378400000000000000e+04
1.535999999999999943e+01,1.790000000000000000e+02,2.190000000000000000e+02,1.469900000000000000e+04,1.400300000000000000e+04
1.635999999999999943e+01,1.900000000000000000e+02,2.220000000000000000e+02,1.488900000000000000e+04,1.422500000000000000e+04
