1.000000000000000056e-01,2.340000000000000000e+02,1.440000000000000000e+02,6.000000000000000000e+00,2.340000000000000000e+02,1.440000000000000000e+02,6.000000000000000000e+00
3.000000000000000999e-01,1.328000000000000000e+03,1.209000000000000000e+03,9.400000000000000000e+02,1.562000000000000000e+03,1.353000000000000000e+03,9.460000000000000000e+02
5.000000000000000000e-01,1.374000000000000000e+03,9.930000000000000000e+02,6.960000000000000000e+02,2.936000000000000000e+03,2.346000000000000000e+03,1.642000000000000000e+03
6.999999999999999556e-01,1.042000000000000000e+03,1.242000000000000000e+03,9.660000000000000000e+02,3.978000000000000000e+03,3.588000000000000000e+03,2.608000000000000000e+03
8.999999999999999112e-01,1.312000000000000000e+03,5.930000000000000000e+02,2.700000000000000000e+02,5.290000000000000000e+03,4.181000000000000000e+03,2.878000000000000000e+03
1.899999999999999911e+00,5.500000000000000000e+02,1.380000000000000000e+02,1.280000000000000000e+02,5.840000000000000000e+03,4.319000000000000000e+03,3.006000000000000000e+03
2.899999999999999911e+00,2.000000000000000000e+02,0.000000000000000000e+00,0.000000000000000000e+00,6.040000000000000000e+03,4.319000000000000000e+03,3.006000000000000000e+03
3.899999999999999911e+00,5.600000000000000000e+01,0.000000000000000000e+00,0.000000000000000000e+00,6.096000000000000000e+03,4.319000000000000000e+03,3.006000000000000000e+03
4.900000000000000355e+00,1.800000000000000000e+01,0.000000000000000000e+00,0.000000000000000000e+00,6.114000000000000000e+03,4.319000000000000000e+03,3.006000000000000000e+03
5.900000000000000355e+00,2.000000000000000000e+00,0.000000000000000000e+00,0.000000000000000000e+00,6.116000000000000000e+03,4.319000000000000000e+03,3.006000000000000000e+03
6.900000000000000355e+00,0.000000000000000000e+00,0.000000000000000000e+00,0.000000000000000000e+00,6.116000000000000000e+03,4.319000000000000000e+03,3.006000000000000000e+03
7.900000000000000355e+00,0.000000000000000000e+00,0.000000000000000000e+00,0.000000000000000000e+00,6.116000000000000000e+03,4.319000000000000000e+03,3.006000000000000000e+03
8.900000000000000355e+00,0.000000000000000000e+00,0.000000000000000000e+00,0.000000000000000000e+00,6.116000000000000000e+03,4.319000000000000000e+03,3.006000000000000000e+03
9.900000000000000355e+00,0.000000000000000000e+00,0.000000000000000000e+00,0.000000000000000000e+00,6.116000000000000000e+03,4.319000000000000000e+03,3.006000000000000000e+03
1.090000000000000036e+01,2.000000000000000000e+00,0.000000000000000000e+00,0.000000000000000000e+00,6.118000000000000000e+03,4.319000000000000000e+03,3.006000000000000000e+03
1.190000000000000036e+01,0.000000000000000000e+00,0.000000000000000000e+00,0.000000000000000000e+00,6.118000000000000000e+03,4.319000000000000000e+03,3.006000000000000000e+03
1.290000000000000036e+01,0.000000000000000000e+00,0.000000000000000000e+00,0.000000000000000000e+00,6.118000000000000000e+03,4.319000000000000000e+03,3.006000000000000000e+03
1.390000000000000036e+01,0.000000000000000000e+00,0.000000000000000000e+00,0.000000000000000000e+00,6.118000000000000000e+03,4.319000000000000000e+03,3.006000000000000000e+03
