0.000000000000000000e+00,1.269973967780839152e-01
4.000000000000000083e-02,1.269973967780839152e-01
2.400000000000000466e-01,1.269973967780839152e-01
4.400000000000000022e-01,1.269973967780839152e-01
6.399999999999999023e-01,1.269973967780839152e-01
6.799999999999999378e-01,1.269973967780839152e-01
7.199999999999999734e-01,1.269973967780839152e-01
7.600000000000000089e-01,1.269973967780839152e-01
9.599999999999999645e-01,1.269973967780839152e-01
1.159999999999999920e+00,1.269973967780839152e-01
1.360000000000000098e+00,1.269973967780839152e-01
2.360000000000000320e+00,1.269973967780839152e-01
3.360000000000000320e+00,1.269973967780839152e-01
4.360000000000000320e+00,1.269973967780839152e-01
5.360000000000000320e+00,1.269973967780839152e-01
6.360000000000000320e+00,1.269973967780839152e-01
7.360000000000000320e+00,1.269973967780839152e-01
8.359999999999999432e+00,1.269973967780839152e-01
9.359999999999999432e+00,1.269973967780839152e-01
1.035999999999999943e+01,1.269973967780839152e-01
1.135999999999999943e+01,1.269973967780839152e-01
1.235999999999999943e+01,1.269973967780839152e-01
1.335999999999999943e+01,1.269973967780839152e-01
1.435999999999999943e+01,1.269973967780839152e-01
1.535999999999999943e+01,1.269973967780838875e-01
1.635999999999999943e+01,1.269973967780839152e-01
