0.000000000000000000e+00,1.269973967780839152e-01
4.000000000000000083e-02,1.269973967780828605e-01
2.400000000000000466e-01,1.269973967780828328e-01
4.400000000000000022e-01,1.269973967780828328e-01
6.399999999999999023e-01,1.269973967780828328e-01
8.399999999999998579e-01,1.269973967780828328e-01
1.839999999999999858e+00,1.269973967780828605e-01
2.839999999999999858e+00,1.269973967780828328e-01
3.839999999999999858e+00,1.269973967780828328e-01
4.839999999999999858e+00,1.269973967780828328e-01
5.839999999999999858e+00,1.269973967780828328e-01
6.839999999999999858e+00,1.269973967780828328e-01
7.839999999999999858e+00,1.269973967780828328e-01
8.839999999999999858e+00,1.269973967780828328e-01
9.839999999999999858e+00,1.269973967780828328e-01
1.083999999999999986e+01,1.269973967780828328e-01
1.183999999999999986e+01,1.269973967780828328e-01
1.283999999999999986e+01,1.269973967780828328e-01
1.383999999999999986e+01,1.269973967780828605e-01
1.483999999999999986e+01,1.269973967780828328e-01
1.583999999999999986e+01,1.269973967780828328e-01
1.683999999999999986e+01,1.269973967780828328e-01
1.783999999999999986e+01,1.269973967780828328e-01
1.883999999999999986e+01,1.269973967780828328e-01
1.983999999999999986e+01,1.269973967780828050e-01
2.083999999999999986e+01,1.269973967780828328e-01
2.183999999999999986e+01,1.269973967780828605e-01
2.283999999999999986e+01,1.269973967780828328e-01
2.383999999999999986e+01,1.269973967780828328e-01
2.483999999999999986e+01,1.269973967780828328e-01
2.583999999999999986e+01,1.269973967780828328e-01
2.683999999999999986e+01,1.269973967780828050e-01
2.783999999999999986e+01,1.269973967780828328e-01
2.883999999999999986e+01,1.269973967780828328e-01
2.983999999999999986e+01,1.269973967780828328e-01
3.083999999999999986e+01,1.269973967780828328e-01
3.183999999999999986e+01,1.269973967780828328e-01
3.284000000000000341e+01,1.269973967780828328e-01
3.384000000000000341e+01,1.269973967780828050e-01
3.484000000000000341e+01,1.269973967780828050e-01
3.584000000000000341e+01,1.269973967780828050e-01
3.684000000000000341e+01,1.269973967780828050e-01
3.784000000000000341e+01,1.269973967780828050e-01
3.884000000000000341e+01,1.269973967780828050e-01
3.984000000000000341e+01,1.269973967780828328e-01
4.084000000000000341e+01,1.269973967780828328e-01
4.184000000000000341e+01,1.269973967780828328e-01
4.284000000000000341e+01,1.269973967780828328e-01
4.384000000000000341e+01,1.269973967780828050e-01
4.484000000000000341e+01,1.269973967780828605e-01
4.584000000000000341e+01,1.269973967780828050e-01
4.684000000000000341e+01,1.269973967780828328e-01
4.784000000000000341e+01,1.269973967780828050e-01
4.884000000000000341e+01,1.269973967780828328e-01
4.984000000000000341e+01,1.269973967780828328e-01
5.084000000000000341e+01,1.269973967780828328e-01
