4.000000000000000083e-02,4.000000000000000083e-02,2.000000000000000000e+00,2.800000000000000000e+01,2.800000000000000000e+01,6.000000000000000000e+00,2.200000000000000000e+01
2.400000000000000466e-01,2.000000000000000111e-01,1.000000000000000000e+00,2.000000000000000000e+01,4.800000000000000000e+01,9.000000000000000000e+00,1.100000000000000000e+01
4.400000000000000022e-01,2.000000000000000111e-01,1.000000000000000000e+00,1.700000000000000000e+01,6.500000000000000000e+01,6.000000000000000000e+00,1.100000000000000000e+01
6.399999999999999023e-01,2.000000000000000111e-01,1.000000000000000000e+00,1.800000000000000000e+01,8.300000000000000000e+01,7.000000000000000000e+00,1.100000000000000000e+01
6.799999999999999378e-01,4.000000000000000083e-02,2.000000000000000000e+00,2.600000000000000000e+01,1.090000000000000000e+02,4.000000000000000000e+00,2.200000000000000000e+01
7.199999999999999734e-01,4.000000000000000083e-02,2.000000000000000000e+00,2.600000000000000000e+01,1.350000000000000000e+02,4.000000000000000000e+00,2.200000000000000000e+01
7.600000000000000089e-01,4.000000000000000083e-02,2.000000000000000000e+00,2.600000000000000000e+01,1.610000000000000000e+02,4.000000000000000000e+00,2.200000000000000000e+01
9.599999999999999645e-01,2.000000000000000111e-01,1.000000000000000000e+00,2.200000000000000000e+01,1.830000000000000000e+02,1.100000000000000000e+01,1.100000000000000000e+01
1.159999999999999920e+00,2.000000000000000111e-01,1.000000000000000000e+00,1.800000000000000000e+01,2.010000000000000000e+02,7.000000000000000000e+00,1.100000000000000000e+01
1.360000000000000098e+00,2.000000000000000111e-01,1.000000000000000000e+00,1.600000000000000000e+01,2.170000000000000000e+02,5.000000000000000000e+00,1.100000000000000000e+01
2.360000000000000320e+00,1.000000000000000000e+00,0.000000000000000000e+00,8.000000000000000000e+00,2.250000000000000000e+02,8.000000000000000000e+00,0.000000000000000000e+00
3.360000000000000320e+00,1.000000000000000000e+00,0.000000000000000000e+00,5.000000000000000000e+00,2.300000000000000000e+02,5.000000000000000000e+00,0.000000000000000000e+00
4.360000000000000320e+00,1.000000000000000000e+00,0.000000000000000000e+00,4.000000000000000000e+00,2.340000000000000000e+02,4.000000000000000000e+00,0.000000000000000000e+00
5.360000000000000320e+00,1.000000000000000000e+00,0.000000000000000000e+00,4.000000000000000000e+00,2.380000000000000000e+02,4.000000000000000000e+00,0.000000000000000000e+00
6.360000000000000320e+00,1.000000000000000000e+00,0.000000000000000000e+00,4.000000000000000000e+00,2.420000000000000000e+02,4.000000000000000000e+00,0.000000000000000000e+00
7.360000000000000320e+00,1.000000000000000000e+00,0.000000000000000000e+00,3.000000000000000000e+00,2.450000000000000000e+02,3.000000000000000000e+00,0.000000000000000000e+00
8.359999999999999432e+00,1.000000000000000000e+00,0.000000000000000000e+00,3.000000000000000000e+00,2.480000000000000000e+02,3.000000000000000000e+00,0.000000000000000000e+00
9.359999999999999432e+00,1.000000000000000000e+00,0.000000000000000000e+00,3.000000000000000000e+00,2.510000000000000000e+02,3.000000000000000000e+00,0.000000000000000000e+00
1.035999999999999943e+01,1.000000000000000000e+00,0.000000000000000000e+00,3.000000000000000000e+00,2.540000000000000000e+02,3.000000000000000000e+00,0.000000000000000000e+00
1.135999999999999943e+01,1.000000000000000000e+00,0.000000000000000000e+00,3.000000000000000000e+00,2.570000000000000000e+02,3.000000000000000000e+00,0.000000000000000000e+00
1.235999999999999943e+01,1.000000000000000000e+00,0.000000000000000000e+00,3.000000000000000000e+00,2.600000000000000000e+02,3.000000000000000000e+00,0.000000000000000000e+00
1.335999999999999943e+01,1.000000000000000000e+00,0.000000000000000000e+00,3.000000000000000000e+00,2.630000000000000000e+02,3.000000000000000000e+00,0.000000000000000000e+00
1.435999999999999943e+01,1.000000000000000000e+00,0.000000000000000000e+00,3.000000000000000000e+00,2.660000000000000000e+02,3.000000000000000000e+00,0.000000000000000000e+00
1.535999999999999943e+01,1.000000000000000000e+00,0.000000000000000000e+00,3.000000000000000000e+00,2.690000000000000000e+02,3.000000000000000000e+00,0.000000000000000000e+00
1.635999999999999943e+01,1.000000000000000000e+00,0.000000000000000000e+00,3.000000000000000000e+00,2.720000000000000000e+02,3.000000000000000000e+00,0.000000000000000000e+00
