1.000000000000000056e-01,1.000000000000000056e-01,0.000000000000000000e+00,1.100000000000000000e+01,1.100000000000000000e+01,1.100000000000000000e+01,0.000000000000000000e+00
3.000000000000000999e-01,2.000000000000000111e-01,1.000000000000000000e+00,1.800000000000000000e+01,2.900000000000000000e+01,8.000000000000000000e+00,1.000000000000000000e+01
5.000000000000000000e-01,2.000000000000000111e-01,1.000000000000000000e+00,1.600000000000000000e+01,4.500000000000000000e+01,5.000000000000000000e+00,1.100000000000000000e+01
6.999999999999999556e-01,2.000000000000000111e-01,1.000000000000000000e+00,1.500000000000000000e+01,6.000000000000000000e+01,6.000000000000000000e+00,9.000000000000000000e+00
8.999999999999999112e-01,2.000000000000000111e-01,1.000000000000000000e+00,1.600000000000000000e+01,7.600000000000000000e+01,5.000000000000000000e+00,1.100000000000000000e+01
1.899999999999999911e+00,1.000000000000000000e+00,0.000000000000000000e+00,1.100000000000000000e+01,8.700000000000000000e+01,1.100000000000000000e+01,0.000000000000000000e+00
2.899999999999999911e+00,1.000000000000000000e+00,0.000000000000000000e+00,4.000000000000000000e+00,9.100000000000000000e+01,4.000000000000000000e+00,0.000000000000000000e+00
3.899999999999999911e+00,1.000000000000000000e+00,0.000000000000000000e+00,4.000000000000000000e+00,9.500000000000000000e+01,4.000000000000000000e+00,0.000000000000000000e+00
4.900000000000000355e+00,1.000000000000000000e+00,0.000000000000000000e+00,4.000000000000000000e+00,9.900000000000000000e+01,4.000000000000000000e+00,0.000000000000000000e+00
5.900000000000000355e+00,1.000000000000000000e+00,0.000000000000000000e+00,4.000000000000000000e+00,1.030000000000000000e+02,4.000000000000000000e+00,0.000000000000000000e+00
6.900000000000000355e+00,1.000000000000000000e+00,0.000000000000000000e+00,3.000000000000000000e+00,1.060000000000000000e+02,3.000000000000000000e+00,0.000000000000000000e+00
7.900000000000000355e+00,1.000000000000000000e+00,0.000000000000000000e+00,3.000000000000000000e+00,1.090000000000000000e+02,3.000000000000000000e+00,0.000000000000000000e+00
8.900000000000000355e+00,1.000000000000000000e+00,0.000000000000000000e+00,3.000000000000000000e+00,1.120000000000000000e+02,3.000000000000000000e+00,0.000000000000000000e+00
9.900000000000000355e+00,1.000000000000000000e+00,0.000000000000000000e+00,3.000000000000000000e+00,1.150000000000000000e+02,3.000000000000000000e+00,0.000000000000000000e+00
1.090000000000000036e+01,1.000000000000000000e+00,0.000000000000000000e+00,3.000000000000000000e+00,1.180000000000000000e+02,3.000000000000000000e+00,0.000000000000000000e+00
1.190000000000000036e+01,1.000000000000000000e+00,0.000000000000000000e+00,3.000000000000000000e+00,1.210000000000000000e+02,3.000000000000000000e+00,0.000000000000000000e+00
1.290000000000000036e+01,1.000000000000000000e+00,0.000000000000000000e+00,3.000000000000000000e+00,1.240000000000000000e+02,3.000000000000000000e+00,0.000000000000000000e+00
1.390000000000000036e+01,1.000000000000000000e+00,0.000000000000000000e+00,3.000000000000000000e+00,1.270000000000000000e+02,3.000000000000000000e+00,0.000000000000000000e+00
