8.000000000000000167e-03,8.000000000000000167e-03,3.000000000000000000e+00,2.000000000000000000e+01,2.000000000000000000e+01,7.000000000000000000e+00,1.300000000000000000e+01
4.800000000000000794e-02,4.000000000000000083e-02,2.000000000000000000e+00,1.500000000000000000e+01,3.500000000000000000e+01,9.000000000000000000e+00,6.000000000000000000e+00
8.800000000000005040e-02,4.000000000000000083e-02,2.000000000000000000e+00,1.400000000000000000e+01,4.900000000000000000e+01,7.000000000000000000e+00,7.000000000000000000e+00
1.280000000000000859e-01,4.000000000000000083e-02,2.000000000000000000e+00,1.700000000000000000e+01,6.600000000000000000e+01,7.000000000000000000e+00,1.000000000000000000e+01
1.680000000000001215e-01,4.000000000000000083e-02,2.000000000000000000e+00,1.400000000000000000e+01,8.000000000000000000e+01,6.000000000000000000e+00,8.000000000000000000e+00
2.080000000000001570e-01,4.000000000000000083e-02,2.000000000000000000e+00,1.700000000000000000e+01,9.700000000000000000e+01,6.000000000000000000e+00,1.100000000000000000e+01
2.480000000000001925e-01,4.000000000000000083e-02,2.000000000000000000e+00,1.900000000000000000e+01,1.160000000000000000e+02,6.000000000000000000e+00,1.300000000000000000e+01
2.880000000000002003e-01,4.000000000000000083e-02,2.000000000000000000e+00,1.900000000000000000e+01,1.350000000000000000e+02,6.000000000000000000e+00,1.300000000000000000e+01
3.280000000000002358e-01,4.000000000000000083e-02,2.000000000000000000e+00,1.800000000000000000e+01,1.530000000000000000e+02,5.000000000000000000e+00,1.300000000000000000e+01
3.680000000000002158e-01,4.000000000000000083e-02,2.000000000000000000e+00,2.000000000000000000e+01,1.730000000000000000e+02,6.000000000000000000e+00,1.400000000000000000e+01
4.080000000000002514e-01,4.000000000000000083e-02,2.000000000000000000e+00,2.100000000000000000e+01,1.940000000000000000e+02,5.000000000000000000e+00,1.600000000000000000e+01
4.480000000000002869e-01,4.000000000000000083e-02,2.000000000000000000e+00,1.700000000000000000e+01,2.110000000000000000e+02,5.000000000000000000e+00,1.200000000000000000e+01
4.880000000000003224e-01,4.000000000000000083e-02,2.000000000000000000e+00,1.700000000000000000e+01,2.280000000000000000e+02,5.000000000000000000e+00,1.200000000000000000e+01
5.280000000000003579e-01,4.000000000000000083e-02,2.000000000000000000e+00,1.800000000000000000e+01,2.460000000000000000e+02,4.000000000000000000e+00,1.400000000000000000e+01
5.680000000000005045e-01,4.000000000000000083e-02,2.000000000000000000e+00,1.700000000000000000e+01,2.630000000000000000e+02,4.000000000000000000e+00,1.300000000000000000e+01
6.080000000000005400e-01,4.000000000000000083e-02,2.000000000000000000e+00,1.900000000000000000e+01,2.820000000000000000e+02,4.000000000000000000e+00,1.500000000000000000e+01
6.160000000000005471e-01,8.000000000000000167e-03,3.000000000000000000e+00,3.000000000000000000e+01,3.120000000000000000e+02,3.000000000000000000e+00,2.700000000000000000e+01
6.560000000000005826e-01,4.000000000000000083e-02,2.000000000000000000e+00,2.100000000000000000e+01,3.330000000000000000e+02,4.000000000000000000e+00,1.700000000000000000e+01
6.960000000000006182e-01,4.000000000000000083e-02,2.000000000000000000e+00,2.000000000000000000e+01,3.530000000000000000e+02,4.000000000000000000e+00,1.600000000000000000e+01
7.360000000000006537e-01,4.000000000000000083e-02,2.000000000000000000e+00,1.900000000000000000e+01,3.720000000000000000e+02,4.000000000000000000e+00,1.500000000000000000e+01
7.760000000000006892e-01,4.000000000000000083e-02,2.000000000000000000e+00,2.100000000000000000e+01,3.930000000000000000e+02,4.000000000000000000e+00,1.700000000000000000e+01
8.160000000000007248e-01,4.000000000000000083e-02,2.000000000000000000e+00,2.100000000000000000e+01,4.140000000000000000e+02,4.000000000000000000e+00,1.700000000000000000e+01
1.016000000000000680e+00,2.000000000000000111e-01,1.000000000000000000e+00,1.700000000000000000e+01,4.310000000000000000e+02,1.100000000000000000e+01,6.000000000000000000e+00
1.216000000000000858e+00,2.000000000000000111e-01,1.000000000000000000e+00,1.400000000000000000e+01,4.450000000000000000e+02,8.000000000000000000e+00,6.000000000000000000e+00
1.416000000000001036e+00,2.000000000000000111e-01,1.000000000000000000e+00,1.200000000000000000e+01,4.570000000000000000e+02,6.000000000000000000e+00,6.000000000000000000e+00
1.456000000000001293e+00,4.000000000000000083e-02,2.000000000000000000e+00,2.100000000000000000e+01,4.780000000000000000e+02,4.000000000000000000e+00,1.700000000000000000e+01
1.496000000000001329e+00,4.000000000000000083e-02,2.000000000000000000e+00,2.200000000000000000e+01,5.000000000000000000e+02,4.000000000000000000e+00,1.800000000000000000e+01
1.536000000000001364e+00,4.000000000000000083e-02,2.000000000000000000e+00,2.100000000000000000e+01,5.210000000000000000e+02,4.000000000000000000e+00,1.700000000000000000e+01
1.576000000000001400e+00,4.000000000000000083e-02,2.000000000000000000e+00,2.100000000000000000e+01,5.420000000000000000e+02,4.000000000000000000e+00,1.700000000000000000e+01
1.616000000000001435e+00,4.000000000000000083e-02,2.000000000000000000e+00,2.000000000000000000e+01,5.620000000000000000e+02,4.000000000000000000e+00,1.600000000000000000e+01
1.656000000000001471e+00,4.000000000000000083e-02,2.000000000000000000e+00,1.900000000000000000e+01,5.810000000000000000e+02,4.000000000000000000e+00,1.500000000000000000e+01
1.657600000000001517e+00,1.600000000000000077e-03,4.000000000000000000e+00,4.100000000000000000e+01,6.220000000000000000e+02,2.000000000000000000e+00,3.900000000000000000e+01
1.659200000000001340e+00,1.600000000000000077e-03,4.000000000000000000e+00,4.000000000000000000e+01,6.620000000000000000e+02,2.000000000000000000e+00,3.800000000000000000e+01
1.660800000000001164e+00,1.600000000000000077e-03,4.000000000000000000e+00,4.100000000000000000e+01,7.030000000000000000e+02,2.000000000000000000e+00,3.900000000000000000e+01
1.662400000000000988e+00,1.600000000000000077e-03,4.000000000000000000e+00,4.000000000000000000e+01,7.430000000000000000e+02,2.000000000000000000e+00,3.800000000000000000e+01
1.664000000000000812e+00,1.600000000000000077e-03,4.000000000000000000e+00,4.000000000000000000e+01,7.830000000000000000e+02,2.000000000000000000e+00,3.800000000000000000e+01
1.665600000000000636e+00,1.600000000000000077e-03,4.000000000000000000e+00,3.800000000000000000e+01,8.210000000000000000e+02,2.000000000000000000e+00,3.600000000000000000e+01
1.667200000000000459e+00,1.600000000000000077e-03,4.000000000000000000e+00,4.000000000000000000e+01,8.610000000000000000e+02,2.000000000000000000e+00,3.800000000000000000e+01
1.668800000000000283e+00,1.600000000000000077e-03,4.000000000000000000e+00,4.000000000000000000e+01,9.010000000000000000e+02,2.000000000000000000e+00,3.800000000000000000e+01
1.676800000000000068e+00,8.000000000000000167e-03,3.000000000000000000e+00,3.100000000000000000e+01,9.320000000000000000e+02,3.000000000000000000e+00,2.800000000000000000e+01
1.684800000000000075e+00,8.000000000000000167e-03,3.000000000000000000e+00,3.100000000000000000e+01,9.630000000000000000e+02,3.000000000000000000e+00,2.800000000000000000e+01
1.686400000000000121e+00,1.600000000000000077e-03,4.000000000000000000e+00,4.000000000000000000e+01,1.003000000000000000e+03,2.000000000000000000e+00,3.800000000000000000e+01
1.687999999999999945e+00,1.600000000000000077e-03,4.000000000000000000e+00,4.100000000000000000e+01,1.044000000000000000e+03,2.000000000000000000e+00,3.900000000000000000e+01
1.689599999999999769e+00,1.600000000000000077e-03,4.000000000000000000e+00,4.000000000000000000e+01,1.084000000000000000e+03,2.000000000000000000e+00,3.800000000000000000e+01
1.691199999999999593e+00,1.600000000000000077e-03,4.000000000000000000e+00,4.100000000000000000e+01,1.125000000000000000e+03,2.000000000000000000e+00,3.900000000000000000e+01
1.692799999999999416e+00,1.600000000000000077e-03,4.000000000000000000e+00,3.700000000000000000e+01,1.162000000000000000e+03,2.000000000000000000e+00,3.500000000000000000e+01
1.694399999999999240e+00,1.600000000000000077e-03,4.000000000000000000e+00,4.200000000000000000e+01,1.204000000000000000e+03,2.000000000000000000e+00,4.000000000000000000e+01
1.695999999999999064e+00,1.600000000000000077e-03,4.000000000000000000e+00,4.000000000000000000e+01,1.244000000000000000e+03,2.000000000000000000e+00,3.800000000000000000e+01
1.697599999999998888e+00,1.600000000000000077e-03,4.000000000000000000e+00,4.200000000000000000e+01,1.286000000000000000e+03,2.000000000000000000e+00,4.000000000000000000e+01
1.699199999999998711e+00,1.600000000000000077e-03,4.000000000000000000e+00,4.200000000000000000e+01,1.328000000000000000e+03,2.000000000000000000e+00,4.000000000000000000e+01
1.700799999999998535e+00,1.600000000000000077e-03,4.000000000000000000e+00,3.800000000000000000e+01,1.366000000000000000e+03,2.000000000000000000e+00,3.600000000000000000e+01
1.702399999999998359e+00,1.600000000000000077e-03,4.000000000000000000e+00,4.100000000000000000e+01,1.407000000000000000e+03,2.000000000000000000e+00,3.900000000000000000e+01
1.703999999999998183e+00,1.600000000000000077e-03,4.000000000000000000e+00,4.200000000000000000e+01,1.449000000000000000e+03,2.000000000000000000e+00,4.000000000000000000e+01
1.705599999999998007e+00,1.600000000000000077e-03,4.000000000000000000e+00,3.900000000000000000e+01,1.488000000000000000e+03,2.000000000000000000e+00,3.700000000000000000e+01
1.707199999999997830e+00,1.600000000000000077e-03,4.000000000000000000e+00,4.100000000000000000e+01,1.529000000000000000e+03,2.000000000000000000e+00,3.900000000000000000e+01
1.708799999999997654e+00,1.600000000000000077e-03,4.000000000000000000e+00,4.000000000000000000e+01,1.569000000000000000e+03,2.000000000000000000e+00,3.800000000000000000e+01
1.710399999999997478e+00,1.600000000000000077e-03,4.000000000000000000e+00,4.100000000000000000e+01,1.610000000000000000e+03,2.000000000000000000e+00,3.900000000000000000e+01
1.711999999999997302e+00,1.600000000000000077e-03,4.000000000000000000e+00,4.000000000000000000e+01,1.650000000000000000e+03,2.000000000000000000e+00,3.800000000000000000e+01
1.713599999999997125e+00,1.600000000000000077e-03,4.000000000000000000e+00,4.000000000000000000e+01,1.690000000000000000e+03,2.000000000000000000e+00,3.800000000000000000e+01
1.715199999999996949e+00,1.600000000000000077e-03,4.000000000000000000e+00,4.000000000000000000e+01,1.730000000000000000e+03,2.000000000000000000e+00,3.800000000000000000e+01
1.716799999999996773e+00,1.600000000000000077e-03,4.000000000000000000e+00,4.100000000000000000e+01,1.771000000000000000e+03,2.000000000000000000e+00,3.900000000000000000e+01
1.718399999999996597e+00,1.600000000000000077e-03,4.000000000000000000e+00,4.000000000000000000e+01,1.811000000000000000e+03,2.000000000000000000e+00,3.800000000000000000e+01
1.719999999999996421e+00,1.600000000000000077e-03,4.000000000000000000e+00,3.800000000000000000e+01,1.849000000000000000e+03,2.000000000000000000e+00,3.600000000000000000e+01
1.721599999999996244e+00,1.600000000000000077e-03,4.000000000000000000e+00,3.800000000000000000e+01,1.887000000000000000e+03,2.000000000000000000e+00,3.600000000000000000e+01
1.723199999999996068e+00,1.600000000000000077e-03,4.000000000000000000e+00,4.100000000000000000e+01,1.928000000000000000e+03,2.000000000000000000e+00,3.900000000000000000e+01
1.724799999999995892e+00,1.600000000000000077e-03,4.000000000000000000e+00,3.900000000000000000e+01,1.967000000000000000e+03,2.000000000000000000e+00,3.700000000000000000e+01
1.726399999999995716e+00,1.600000000000000077e-03,4.000000000000000000e+00,4.100000000000000000e+01,2.008000000000000000e+03,2.000000000000000000e+00,3.900000000000000000e+01
1.727999999999995540e+00,1.600000000000000077e-03,4.000000000000000000e+00,4.000000000000000000e+01,2.048000000000000000e+03,2.000000000000000000e+00,3.800000000000000000e+01
1.729599999999995363e+00,1.600000000000000077e-03,4.000000000000000000e+00,4.100000000000000000e+01,2.089000000000000000e+03,2.000000000000000000e+00,3.900000000000000000e+01
1.729919999999995239e+00,3.200000000000000262e-04,5.000000000000000000e+00,5.000000000000000000e+01,2.139000000000000000e+03,2.000000000000000000e+00,4.800000000000000000e+01
1.731519999999995507e+00,1.600000000000000077e-03,4.000000000000000000e+00,3.700000000000000000e+01,2.176000000000000000e+03,3.000000000000000000e+00,3.400000000000000000e+01
1.733119999999995331e+00,1.600000000000000077e-03,4.000000000000000000e+00,4.100000000000000000e+01,2.217000000000000000e+03,2.000000000000000000e+00,3.900000000000000000e+01
1.734719999999995155e+00,1.600000000000000077e-03,4.000000000000000000e+00,3.800000000000000000e+01,2.255000000000000000e+03,2.000000000000000000e+00,3.600000000000000000e+01
1.736319999999994979e+00,1.600000000000000077e-03,4.000000000000000000e+00,3.800000000000000000e+01,2.293000000000000000e+03,3.000000000000000000e+00,3.500000000000000000e+01
1.737919999999994802e+00,1.600000000000000077e-03,4.000000000000000000e+00,3.900000000000000000e+01,2.332000000000000000e+03,2.000000000000000000e+00,3.700000000000000000e+01
1.739519999999994626e+00,1.600000000000000077e-03,4.000000000000000000e+00,3.700000000000000000e+01,2.369000000000000000e+03,2.000000000000000000e+00,3.500000000000000000e+01
1.741119999999994450e+00,1.600000000000000077e-03,4.000000000000000000e+00,4.100000000000000000e+01,2.410000000000000000e+03,2.000000000000000000e+00,3.900000000000000000e+01
1.742719999999994274e+00,1.600000000000000077e-03,4.000000000000000000e+00,4.100000000000000000e+01,2.451000000000000000e+03,3.000000000000000000e+00,3.800000000000000000e+01
1.744319999999994097e+00,1.600000000000000077e-03,4.000000000000000000e+00,4.100000000000000000e+01,2.492000000000000000e+03,2.000000000000000000e+00,3.900000000000000000e+01
1.745919999999993921e+00,1.600000000000000077e-03,4.000000000000000000e+00,4.200000000000000000e+01,2.534000000000000000e+03,2.000000000000000000e+00,4.000000000000000000e+01
1.747519999999993745e+00,1.600000000000000077e-03,4.000000000000000000e+00,4.000000000000000000e+01,2.574000000000000000e+03,2.000000000000000000e+00,3.800000000000000000e+01
1.749119999999993569e+00,1.600000000000000077e-03,4.000000000000000000e+00,4.100000000000000000e+01,2.615000000000000000e+03,2.000000000000000000e+00,3.900000000000000000e+01
1.750719999999993393e+00,1.600000000000000077e-03,4.000000000000000000e+00,4.200000000000000000e+01,2.657000000000000000e+03,2.000000000000000000e+00,4.000000000000000000e+01
1.752319999999993216e+00,1.600000000000000077e-03,4.000000000000000000e+00,4.200000000000000000e+01,2.699000000000000000e+03,2.000000000000000000e+00,4.000000000000000000e+01
1.753919999999993040e+00,1.600000000000000077e-03,4.000000000000000000e+00,4.100000000000000000e+01,2.740000000000000000e+03,2.000000000000000000e+00,3.900000000000000000e+01
